# Units are Msun
# M_init	er162	er164	er166	er167	er168	er170	
8	0	0	0	0	0	0	
9.000000e+00	4.220000e-13	5.010000e-12	1.070000e-10	7.280000e-11	8.590000e-11	4.840000e-11	
9.250000e+00	4.510000e-13	5.360000e-12	1.140000e-10	7.780000e-11	9.180000e-11	5.180000e-11	
9.500000e+00	4.850000e-13	5.760000e-12	1.220000e-10	8.370000e-11	9.870000e-11	5.570000e-11	
9.750000e+00	5.050000e-13	6.000000e-12	1.280000e-10	8.720000e-11	1.030000e-10	5.800000e-11	
1.000000e+01	5.390000e-13	6.410000e-12	1.360000e-10	9.310000e-11	1.100000e-10	6.190000e-11	
1.025000e+01	5.360000e-13	6.370000e-12	1.350000e-10	9.260000e-11	1.090000e-10	6.160000e-11	
1.050000e+01	5.080000e-13	6.040000e-12	1.280000e-10	8.770000e-11	1.030000e-10	5.830000e-11	
1.075000e+01	5.150000e-13	6.110000e-12	1.300000e-10	8.880000e-11	1.050000e-10	5.910000e-11	
1.100000e+01	5.170000e-13	6.150000e-12	1.310000e-10	8.930000e-11	1.050000e-10	5.940000e-11	
1.125000e+01	5.990000e-13	7.110000e-12	1.510000e-10	1.030000e-10	1.220000e-10	6.870000e-11	
1.150000e+01	1.240000e-12	1.470000e-11	3.120000e-10	2.130000e-10	2.520000e-10	1.420000e-10	
1.175000e+01	1.620000e-12	1.920000e-11	4.080000e-10	2.790000e-10	3.290000e-10	1.850000e-10	
1.200000e+01	1.820000e-12	2.160000e-11	4.590000e-10	3.140000e-10	3.700000e-10	2.090000e-10	
1.225000e+01	1.930000e-12	2.290000e-11	4.880000e-10	3.330000e-10	3.930000e-10	2.220000e-10	
1.250000e+01	2.170000e-12	2.580000e-11	5.490000e-10	3.750000e-10	4.420000e-10	2.490000e-10	
1.275000e+01	2.230000e-12	2.650000e-11	5.630000e-10	3.850000e-10	4.530000e-10	2.560000e-10	
1.300000e+01	2.370000e-12	2.820000e-11	5.990000e-10	4.090000e-10	4.830000e-10	2.720000e-10	
1.310000e+01	2.710000e-12	3.220000e-11	6.800000e-10	4.670000e-10	5.480000e-10	3.100000e-10	
1.320000e+01	2.760000e-12	3.280000e-11	6.930000e-10	4.760000e-10	5.590000e-10	3.160000e-10	
1.330000e+01	2.650000e-12	3.150000e-11	6.660000e-10	4.570000e-10	5.370000e-10	3.040000e-10	
1.340000e+01	2.770000e-12	3.290000e-11	6.960000e-10	4.770000e-10	5.600000e-10	3.170000e-10	
1.350000e+01	2.860000e-12	3.400000e-11	7.190000e-10	4.930000e-10	5.790000e-10	3.280000e-10	
1.360000e+01	3.050000e-12	3.610000e-11	7.650000e-10	5.250000e-10	6.170000e-10	3.490000e-10	
1.370000e+01	3.010000e-12	3.580000e-11	7.570000e-10	5.190000e-10	6.100000e-10	3.450000e-10	
1.380000e+01	3.210000e-12	3.810000e-11	8.080000e-10	5.540000e-10	6.510000e-10	3.680000e-10	
1.390000e+01	2.950000e-12	3.500000e-11	7.410000e-10	5.080000e-10	5.970000e-10	3.380000e-10	
1.400000e+01	3.350000e-12	3.970000e-11	8.410000e-10	5.770000e-10	6.780000e-10	3.830000e-10	
1.410000e+01	3.350000e-12	3.970000e-11	8.410000e-10	5.770000e-10	6.780000e-10	3.830000e-10	
1.420000e+01	3.130000e-12	3.720000e-11	7.870000e-10	5.390000e-10	6.340000e-10	3.580000e-10	
1.430000e+01	3.240000e-12	3.850000e-11	8.150000e-10	5.590000e-10	6.570000e-10	3.710000e-10	
1.440000e+01	3.350000e-12	3.970000e-11	8.410000e-10	5.770000e-10	6.780000e-10	3.830000e-10	
1.450000e+01	3.820000e-12	4.530000e-11	9.590000e-10	6.580000e-10	7.730000e-10	4.370000e-10	
1.460000e+01	3.320000e-12	3.940000e-11	8.350000e-10	5.730000e-10	6.730000e-10	3.800000e-10	
1.470000e+01	3.600000e-12	4.280000e-11	9.050000e-10	6.210000e-10	7.290000e-10	4.120000e-10	
1.480000e+01	3.360000e-12	3.980000e-11	8.430000e-10	5.780000e-10	6.790000e-10	3.840000e-10	
1.490000e+01	3.330000e-12	3.950000e-11	8.370000e-10	5.740000e-10	6.740000e-10	3.810000e-10	
1.500000e+01	3.980000e-12	4.720000e-11	1.000000e-09	6.860000e-10	8.060000e-10	4.560000e-10	
1.510000e+01	3.600000e-12	4.270000e-11	9.040000e-10	6.200000e-10	7.290000e-10	4.120000e-10	
1.520000e+01	4.340000e-12	5.160000e-11	1.090000e-09	7.480000e-10	8.790000e-10	4.970000e-10	
1.530000e+01	3.620000e-12	4.290000e-11	9.090000e-10	6.230000e-10	7.330000e-10	4.140000e-10	
1.540000e+01	3.610000e-12	4.280000e-11	9.070000e-10	6.220000e-10	7.310000e-10	4.130000e-10	
1.550000e+01	3.690000e-12	4.380000e-11	9.270000e-10	6.360000e-10	7.470000e-10	4.220000e-10	
1.560000e+01	3.940000e-12	4.670000e-11	9.890000e-10	6.780000e-10	7.970000e-10	4.510000e-10	
1.570000e+01	4.170000e-12	4.950000e-11	1.050000e-09	7.190000e-10	8.450000e-10	4.780000e-10	
1.580000e+01	3.960000e-12	4.700000e-11	9.950000e-10	6.830000e-10	8.020000e-10	4.540000e-10	
1.590000e+01	3.880000e-12	4.610000e-11	9.750000e-10	6.690000e-10	7.860000e-10	4.440000e-10	
1.600000e+01	4.740000e-12	5.630000e-11	1.190000e-09	8.170000e-10	9.600000e-10	5.430000e-10	
1.610000e+01	3.920000e-12	4.650000e-11	9.840000e-10	6.750000e-10	7.930000e-10	4.490000e-10	
1.620000e+01	4.400000e-12	5.220000e-11	1.110000e-09	7.580000e-10	8.910000e-10	5.040000e-10	
1.630000e+01	4.050000e-12	4.810000e-11	1.020000e-09	6.980000e-10	8.200000e-10	4.640000e-10	
1.640000e+01	4.030000e-12	4.780000e-11	1.010000e-09	6.940000e-10	8.160000e-10	4.610000e-10	
1.650000e+01	4.170000e-12	4.940000e-11	1.050000e-09	7.180000e-10	8.430000e-10	4.770000e-10	
1.660000e+01	4.550000e-12	5.390000e-11	1.140000e-09	7.830000e-10	9.200000e-10	5.200000e-10	
1.670000e+01	4.370000e-12	5.190000e-11	1.100000e-09	7.530000e-10	8.850000e-10	5.000000e-10	
1.680000e+01	4.330000e-12	5.140000e-11	1.090000e-09	7.470000e-10	8.770000e-10	4.960000e-10	
1.690000e+01	4.410000e-12	5.230000e-11	1.110000e-09	7.600000e-10	8.930000e-10	5.050000e-10	
1.700000e+01	4.480000e-12	5.320000e-11	1.130000e-09	7.720000e-10	9.070000e-10	5.130000e-10	
1.710000e+01	4.550000e-12	5.400000e-11	1.140000e-09	7.840000e-10	9.210000e-10	5.210000e-10	
1.720000e+01	4.740000e-12	5.620000e-11	1.190000e-09	8.160000e-10	9.590000e-10	5.420000e-10	
1.730000e+01	4.630000e-12	5.490000e-11	1.160000e-09	7.970000e-10	9.370000e-10	5.300000e-10	
1.740000e+01	5.150000e-12	6.120000e-11	1.290000e-09	8.880000e-10	1.040000e-09	5.900000e-10	
1.750000e+01	4.860000e-12	5.770000e-11	1.220000e-09	8.370000e-10	9.840000e-10	5.560000e-10	
1.760000e+01	4.840000e-12	5.740000e-11	1.220000e-09	8.330000e-10	9.790000e-10	5.530000e-10	
1.770000e+01	5.060000e-12	6.000000e-11	1.270000e-09	8.720000e-10	1.020000e-09	5.790000e-10	
1.780000e+01	4.990000e-12	5.920000e-11	1.250000e-09	8.600000e-10	1.010000e-09	5.710000e-10	
1.790000e+01	5.010000e-12	5.950000e-11	1.260000e-09	8.640000e-10	1.010000e-09	5.740000e-10	
1.800000e+01	5.090000e-12	6.040000e-11	1.280000e-09	8.770000e-10	1.030000e-09	5.830000e-10	
1.810000e+01	5.040000e-12	5.980000e-11	1.270000e-09	8.690000e-10	1.020000e-09	5.770000e-10	
1.820000e+01	5.280000e-12	6.260000e-11	1.330000e-09	9.090000e-10	1.070000e-09	6.040000e-10	
1.830000e+01	5.220000e-12	6.200000e-11	1.310000e-09	9.000000e-10	1.060000e-09	5.980000e-10	
1.840000e+01	5.400000e-12	6.400000e-11	1.350000e-09	9.300000e-10	1.090000e-09	6.180000e-10	
1.850000e+01	5.910000e-12	7.010000e-11	1.480000e-09	1.020000e-09	1.200000e-09	6.760000e-10	
1.860000e+01	5.570000e-12	6.610000e-11	1.400000e-09	9.590000e-10	1.130000e-09	6.370000e-10	
1.870000e+01	5.660000e-12	6.720000e-11	1.420000e-09	9.760000e-10	1.150000e-09	6.480000e-10	
1.880000e+01	6.350000e-12	7.530000e-11	1.590000e-09	1.090000e-09	1.290000e-09	7.270000e-10	
1.890000e+01	6.410000e-12	7.600000e-11	1.610000e-09	1.100000e-09	1.300000e-09	7.330000e-10	
1.900000e+01	5.810000e-12	6.890000e-11	1.460000e-09	1.000000e-09	1.180000e-09	6.650000e-10	
1.910000e+01	5.850000e-12	6.950000e-11	1.470000e-09	1.010000e-09	1.180000e-09	6.700000e-10	
1.920000e+01	6.070000e-12	7.200000e-11	1.530000e-09	1.050000e-09	1.230000e-09	6.950000e-10	
1.930000e+01	6.250000e-12	7.420000e-11	1.570000e-09	1.080000e-09	1.270000e-09	7.150000e-10	
1.940000e+01	6.410000e-12	7.610000e-11	1.610000e-09	1.110000e-09	1.300000e-09	7.340000e-10	
1.950000e+01	6.360000e-12	7.550000e-11	1.600000e-09	1.100000e-09	1.290000e-09	7.280000e-10	
1.960000e+01	6.560000e-12	7.780000e-11	1.650000e-09	1.130000e-09	1.330000e-09	7.510000e-10	
1.970000e+01	6.550000e-12	7.770000e-11	1.650000e-09	1.130000e-09	1.330000e-09	7.500000e-10	
1.980000e+01	6.560000e-12	7.780000e-11	1.650000e-09	1.130000e-09	1.330000e-09	7.510000e-10	
1.990000e+01	6.710000e-12	7.970000e-11	1.690000e-09	1.160000e-09	1.360000e-09	7.680000e-10	
2.000000e+01	6.890000e-12	8.180000e-11	1.730000e-09	1.190000e-09	1.400000e-09	7.890000e-10	
2.010000e+01	6.970000e-12	8.280000e-11	1.750000e-09	1.200000e-09	1.410000e-09	7.980000e-10	
2.020000e+01	7.250000e-12	8.600000e-11	1.820000e-09	1.250000e-09	1.470000e-09	8.300000e-10	
2.030000e+01	7.040000e-12	8.360000e-11	1.770000e-09	1.210000e-09	1.430000e-09	8.060000e-10	
2.040000e+01	7.410000e-12	8.800000e-11	1.860000e-09	1.280000e-09	1.500000e-09	8.490000e-10	
2.050000e+01	7.320000e-12	8.680000e-11	1.840000e-09	1.260000e-09	1.480000e-09	8.380000e-10	
2.060000e+01	8.200000e-12	9.740000e-11	2.060000e-09	1.410000e-09	1.660000e-09	9.390000e-10	
2.070000e+01	7.900000e-12	9.380000e-11	1.990000e-09	1.360000e-09	1.600000e-09	9.040000e-10	
2.080000e+01	7.940000e-12	9.430000e-11	1.990000e-09	1.370000e-09	1.610000e-09	9.090000e-10	
2.090000e+01	7.750000e-12	9.200000e-11	1.950000e-09	1.340000e-09	1.570000e-09	8.870000e-10	
2.100000e+01	8.110000e-12	9.620000e-11	2.040000e-09	1.400000e-09	1.640000e-09	9.280000e-10	
2.110000e+01	8.170000e-12	9.690000e-11	2.050000e-09	1.410000e-09	1.650000e-09	9.350000e-10	
2.120000e+01	8.020000e-12	9.510000e-11	2.010000e-09	1.380000e-09	1.620000e-09	9.180000e-10	
2.130000e+01	8.290000e-12	9.840000e-11	2.080000e-09	1.430000e-09	1.680000e-09	9.490000e-10	
2.140000e+01	8.700000e-12	1.030000e-10	2.180000e-09	1.500000e-09	1.760000e-09	9.950000e-10	
2.150000e+01	9.060000e-12	1.080000e-10	2.280000e-09	1.560000e-09	1.830000e-09	1.040000e-09	
2.160000e+01	8.750000e-12	1.040000e-10	2.200000e-09	1.510000e-09	1.770000e-09	1.000000e-09	
2.170000e+01	8.820000e-12	1.050000e-10	2.210000e-09	1.520000e-09	1.780000e-09	1.010000e-09	
2.180000e+01	9.070000e-12	1.080000e-10	2.280000e-09	1.560000e-09	1.840000e-09	1.040000e-09	
2.190000e+01	8.940000e-12	1.060000e-10	2.250000e-09	1.540000e-09	1.810000e-09	1.020000e-09	
2.200000e+01	9.600000e-12	1.140000e-10	2.410000e-09	1.650000e-09	1.940000e-09	1.100000e-09	
2.210000e+01	9.640000e-12	1.140000e-10	2.420000e-09	1.660000e-09	1.950000e-09	1.100000e-09	
2.220000e+01	9.430000e-12	1.120000e-10	2.370000e-09	1.630000e-09	1.910000e-09	1.080000e-09	
2.230000e+01	9.850000e-12	1.170000e-10	2.470000e-09	1.700000e-09	1.990000e-09	1.130000e-09	
2.240000e+01	9.990000e-12	1.190000e-10	2.510000e-09	1.720000e-09	2.020000e-09	1.140000e-09	
2.250000e+01	1.020000e-11	1.210000e-10	2.560000e-09	1.760000e-09	2.060000e-09	1.170000e-09	
2.260000e+01	1.020000e-11	1.200000e-10	2.550000e-09	1.750000e-09	2.050000e-09	1.160000e-09	
2.270000e+01	1.050000e-11	1.240000e-10	2.630000e-09	1.810000e-09	2.120000e-09	1.200000e-09	
2.280000e+01	1.090000e-11	1.290000e-10	2.730000e-09	1.870000e-09	2.200000e-09	1.240000e-09	
2.290000e+01	1.070000e-11	1.270000e-10	2.700000e-09	1.850000e-09	2.170000e-09	1.230000e-09	
2.300000e+01	1.090000e-11	1.290000e-10	2.720000e-09	1.870000e-09	2.190000e-09	1.240000e-09	
2.310000e+01	1.100000e-11	1.310000e-10	2.770000e-09	1.900000e-09	2.230000e-09	1.260000e-09	
2.320000e+01	1.120000e-11	1.330000e-10	2.820000e-09	1.930000e-09	2.270000e-09	1.280000e-09	
2.330000e+01	1.120000e-11	1.330000e-10	2.820000e-09	1.940000e-09	2.270000e-09	1.290000e-09	
2.340000e+01	1.150000e-11	1.360000e-10	2.890000e-09	1.980000e-09	2.330000e-09	1.320000e-09	
2.350000e+01	1.150000e-11	1.370000e-10	2.890000e-09	1.980000e-09	2.330000e-09	1.320000e-09	
2.360000e+01	1.240000e-11	1.470000e-10	3.120000e-09	2.140000e-09	2.510000e-09	1.420000e-09	
2.370000e+01	1.230000e-11	1.460000e-10	3.100000e-09	2.120000e-09	2.500000e-09	1.410000e-09	
2.380000e+01	1.290000e-11	1.530000e-10	3.230000e-09	2.220000e-09	2.600000e-09	1.470000e-09	
2.390000e+01	1.230000e-11	1.470000e-10	3.100000e-09	2.130000e-09	2.500000e-09	1.410000e-09	
2.400000e+01	1.320000e-11	1.560000e-10	3.310000e-09	2.270000e-09	2.670000e-09	1.510000e-09	
2.410000e+01	1.280000e-11	1.520000e-10	3.230000e-09	2.210000e-09	2.600000e-09	1.470000e-09	
2.420000e+01	1.490000e-11	1.770000e-10	3.740000e-09	2.560000e-09	3.010000e-09	1.700000e-09	
2.430000e+01	1.320000e-11	1.570000e-10	3.310000e-09	2.270000e-09	2.670000e-09	1.510000e-09	
2.440000e+01	1.400000e-11	1.660000e-10	3.510000e-09	2.410000e-09	2.830000e-09	1.600000e-09	
2.450000e+01	1.410000e-11	1.680000e-10	3.550000e-09	2.430000e-09	2.860000e-09	1.620000e-09	
2.460000e+01	1.430000e-11	1.700000e-10	3.600000e-09	2.470000e-09	2.900000e-09	1.640000e-09	
2.470000e+01	1.490000e-11	1.770000e-10	3.740000e-09	2.560000e-09	3.010000e-09	1.700000e-09	
2.480000e+01	1.420000e-11	1.690000e-10	3.580000e-09	2.460000e-09	2.880000e-09	1.630000e-09	
2.490000e+01	1.460000e-11	1.730000e-10	3.660000e-09	2.510000e-09	2.950000e-09	1.670000e-09	
2.500000e+01	1.520000e-11	1.800000e-10	3.820000e-09	2.620000e-09	3.080000e-09	1.740000e-09	
2.510000e+01	1.540000e-11	1.830000e-10	3.870000e-09	2.650000e-09	3.120000e-09	1.760000e-09	
2.520000e+01	1.680000e-11	1.990000e-10	4.220000e-09	2.900000e-09	3.400000e-09	1.920000e-09	
2.530000e+01	1.500000e-11	1.780000e-10	3.770000e-09	2.580000e-09	3.040000e-09	1.720000e-09	
2.540000e+01	1.620000e-11	1.930000e-10	4.080000e-09	2.800000e-09	3.290000e-09	1.860000e-09	
2.550000e+01	1.670000e-11	1.980000e-10	4.190000e-09	2.880000e-09	3.380000e-09	1.910000e-09	
2.560000e+01	1.660000e-11	1.970000e-10	4.170000e-09	2.860000e-09	3.360000e-09	1.900000e-09	
2.570000e+01	1.630000e-11	1.940000e-10	4.100000e-09	2.810000e-09	3.310000e-09	1.870000e-09	
2.580000e+01	1.630000e-11	1.940000e-10	4.110000e-09	2.820000e-09	3.310000e-09	1.870000e-09	
2.590000e+01	1.730000e-11	2.060000e-10	4.350000e-09	2.990000e-09	3.510000e-09	1.980000e-09	
2.600000e+01	1.750000e-11	2.080000e-10	4.400000e-09	3.010000e-09	3.540000e-09	2.000000e-09	
2.610000e+01	1.760000e-11	2.090000e-10	4.430000e-09	3.040000e-09	3.570000e-09	2.020000e-09	
2.620000e+01	1.790000e-11	2.130000e-10	4.500000e-09	3.090000e-09	3.630000e-09	2.050000e-09	
2.630000e+01	1.830000e-11	2.170000e-10	4.600000e-09	3.150000e-09	3.710000e-09	2.090000e-09	
2.640000e+01	1.870000e-11	2.220000e-10	4.690000e-09	3.220000e-09	3.780000e-09	2.140000e-09	
2.650000e+01	1.810000e-11	2.140000e-10	4.540000e-09	3.110000e-09	3.660000e-09	2.070000e-09	
2.660000e+01	1.870000e-11	2.220000e-10	4.710000e-09	3.230000e-09	3.790000e-09	2.140000e-09	
2.670000e+01	1.930000e-11	2.290000e-10	4.850000e-09	3.320000e-09	3.910000e-09	2.210000e-09	
2.680000e+01	1.910000e-11	2.270000e-10	4.810000e-09	3.300000e-09	3.880000e-09	2.190000e-09	
2.690000e+01	1.900000e-11	2.250000e-10	4.780000e-09	3.270000e-09	3.850000e-09	2.180000e-09	
2.700000e+01	1.930000e-11	2.290000e-10	4.840000e-09	3.320000e-09	3.900000e-09	2.210000e-09	
2.710000e+01	1.990000e-11	2.360000e-10	4.990000e-09	3.420000e-09	4.020000e-09	2.270000e-09	
2.720000e+01	1.980000e-11	2.350000e-10	4.970000e-09	3.410000e-09	4.010000e-09	2.260000e-09	
2.730000e+01	2.030000e-11	2.410000e-10	5.100000e-09	3.500000e-09	4.110000e-09	2.320000e-09	
2.740000e+01	2.050000e-11	2.440000e-10	5.170000e-09	3.540000e-09	4.160000e-09	2.350000e-09	
2.750000e+01	2.070000e-11	2.460000e-10	5.210000e-09	3.570000e-09	4.200000e-09	2.370000e-09	
2.760000e+01	2.110000e-11	2.510000e-10	5.310000e-09	3.640000e-09	4.280000e-09	2.420000e-09	
2.770000e+01	2.130000e-11	2.540000e-10	5.370000e-09	3.680000e-09	4.330000e-09	2.450000e-09	
2.780000e+01	2.150000e-11	2.550000e-10	5.400000e-09	3.700000e-09	4.350000e-09	2.460000e-09	
2.790000e+01	2.110000e-11	2.510000e-10	5.310000e-09	3.640000e-09	4.280000e-09	2.420000e-09	
2.800000e+01	2.140000e-11	2.540000e-10	5.370000e-09	3.680000e-09	4.330000e-09	2.450000e-09	
2.810000e+01	2.210000e-11	2.630000e-10	5.570000e-09	3.820000e-09	4.490000e-09	2.540000e-09	
2.820000e+01	2.260000e-11	2.690000e-10	5.690000e-09	3.900000e-09	4.590000e-09	2.590000e-09	
2.830000e+01	2.280000e-11	2.710000e-10	5.740000e-09	3.940000e-09	4.630000e-09	2.620000e-09	
2.840000e+01	2.350000e-11	2.790000e-10	5.910000e-09	4.050000e-09	4.760000e-09	2.690000e-09	
2.850000e+01	2.310000e-11	2.740000e-10	5.810000e-09	3.980000e-09	4.680000e-09	2.640000e-09	
2.860000e+01	2.370000e-11	2.810000e-10	5.960000e-09	4.090000e-09	4.800000e-09	2.710000e-09	
2.870000e+01	2.380000e-11	2.820000e-10	5.980000e-09	4.100000e-09	4.820000e-09	2.720000e-09	
2.880000e+01	2.380000e-11	2.830000e-10	5.990000e-09	4.110000e-09	4.830000e-09	2.730000e-09	
2.890000e+01	2.420000e-11	2.880000e-10	6.100000e-09	4.180000e-09	4.910000e-09	2.780000e-09	
2.900000e+01	2.310000e-11	2.740000e-10	5.800000e-09	3.980000e-09	4.680000e-09	2.640000e-09	
2.910000e+01	2.460000e-11	2.920000e-10	6.190000e-09	4.240000e-09	4.990000e-09	2.820000e-09	
2.920000e+01	2.420000e-11	2.870000e-10	6.090000e-09	4.170000e-09	4.910000e-09	2.770000e-09	
2.930000e+01	2.510000e-11	2.980000e-10	6.310000e-09	4.320000e-09	5.080000e-09	2.870000e-09	
2.940000e+01	2.550000e-11	3.030000e-10	6.410000e-09	4.390000e-09	5.170000e-09	2.920000e-09	
2.950000e+01	2.620000e-11	3.120000e-10	6.600000e-09	4.520000e-09	5.320000e-09	3.010000e-09	
2.960000e+01	2.570000e-11	3.050000e-10	6.470000e-09	4.430000e-09	5.210000e-09	2.950000e-09	
2.970000e+01	2.590000e-11	3.070000e-10	6.500000e-09	4.460000e-09	5.240000e-09	2.960000e-09	
2.980000e+01	2.650000e-11	3.150000e-10	6.670000e-09	4.570000e-09	5.380000e-09	3.040000e-09	
2.990000e+01	2.660000e-11	3.150000e-10	6.680000e-09	4.580000e-09	5.380000e-09	3.040000e-09	
3.000000e+01	2.690000e-11	3.190000e-10	6.760000e-09	4.630000e-09	5.450000e-09	3.080000e-09	
3.100000e+01	2.880000e-11	3.420000e-10	7.240000e-09	4.970000e-09	5.840000e-09	3.300000e-09	
3.200000e+01	3.080000e-11	3.660000e-10	7.750000e-09	5.310000e-09	6.250000e-09	3.530000e-09	
3.300000e+01	3.280000e-11	3.890000e-10	8.250000e-09	5.650000e-09	6.640000e-09	3.750000e-09	
3.500000e+01	3.540000e-11	4.200000e-10	8.900000e-09	6.100000e-09	7.170000e-09	4.050000e-09	
4.000000e+01	4.090000e-11	4.860000e-10	1.030000e-08	7.050000e-09	8.300000e-09	4.690000e-09	
4.500000e+01	0.000000e+00	3.770000e-31	1.260000e-08	8.500000e-09	1.050000e-08	5.540000e-09	
5.000000e+01	0.000000e+00	7.190000e-31	1.510000e-08	9.880000e-09	1.390000e-08	6.110000e-09	
5.500000e+01	0.000000e+00	6.880000e-10	1.740000e-08	1.120000e-08	1.660000e-08	6.700000e-09	
6.000000e+01	6.370000e-11	7.570000e-10	2.220000e-08	1.340000e-08	2.260000e-08	7.760000e-09	
7.000000e+01	7.470000e-11	8.890000e-10	2.710000e-08	1.610000e-08	2.780000e-08	9.570000e-09	
8.000000e+01	8.520000e-11	1.010000e-09	3.140000e-08	1.860000e-08	3.240000e-08	1.100000e-08	
1.000000e+02	1.050000e-10	1.260000e-09	4.020000e-08	2.350000e-08	4.200000e-08	1.410000e-08	
1.200000e+02	1.270000e-10	1.520000e-09	4.870000e-08	2.840000e-08	5.100000e-08	1.710000e-08	
