# Units are Msun
# M_init	ne20	ne21	ne22	na22	
8	0	0	0	0	
9.000000e+00	2.980000e-04	8.480000e-07	2.130000e-05	8.630000e-24	
9.250000e+00	3.190000e-04	9.130000e-07	2.280000e-05	8.740000e-24	
9.500000e+00	3.430000e-04	9.870000e-07	2.450000e-05	9.080000e-24	
1.000000e+01	3.810000e-04	1.120000e-06	2.700000e-05	9.160000e-24	
1.025000e+01	3.790000e-04	1.140000e-06	2.670000e-05	8.530000e-24	
1.050000e+01	3.590000e-04	1.110000e-06	2.520000e-05	7.640000e-24	
1.075000e+01	3.640000e-04	1.150000e-06	2.550000e-05	7.280000e-24	
1.100000e+01	3.660000e-04	1.180000e-06	2.560000e-05	6.980000e-24	
1.125000e+01	4.230000e-04	1.370000e-06	2.960000e-05	8.010000e-24	
1.150000e+01	8.740000e-04	2.700000e-06	6.230000e-05	1.830000e-23	
1.175000e+01	1.140000e-03	3.030000e-06	8.850000e-05	2.230000e-23	
1.200000e+01	1.290000e-03	3.300000e-06	1.020000e-04	2.350000e-23	
1.225000e+01	1.370000e-03	3.520000e-06	1.080000e-04	2.300000e-23	
1.250000e+01	1.540000e-03	3.990000e-06	1.210000e-04	2.560000e-23	
1.275000e+01	1.580000e-03	4.110000e-06	1.240000e-04	2.450000e-23	
1.300000e+01	1.680000e-03	4.410000e-06	1.320000e-04	2.490000e-23	
1.310000e+01	1.910000e-03	5.060000e-06	1.490000e-04	4.000000e-40	
1.320000e+01	1.940000e-03	5.170000e-06	1.520000e-04	4.980000e-40	
1.330000e+01	1.870000e-03	4.930000e-06	1.470000e-04	5.510000e-40	
1.340000e+01	1.950000e-03	5.200000e-06	1.520000e-04	6.090000e-40	
1.350000e+01	2.020000e-03	5.400000e-06	1.570000e-04	6.980000e-40	
1.360000e+01	2.150000e-03	5.740000e-06	1.680000e-04	7.830000e-40	
1.370000e+01	2.120000e-03	5.660000e-06	1.660000e-04	8.740000e-40	
1.380000e+01	2.270000e-03	6.090000e-06	1.770000e-04	1.090000e-39	
1.390000e+01	2.080000e-03	5.540000e-06	1.630000e-04	1.360000e-39	
1.400000e+01	2.250000e-03	6.080000e-06	1.750000e-04	1.510000e-39	
1.410000e+01	2.360000e-03	6.400000e-06	1.840000e-04	1.660000e-39	
1.420000e+01	2.210000e-03	5.920000e-06	1.720000e-04	1.820000e-39	
1.430000e+01	2.290000e-03	6.140000e-06	1.790000e-04	2.070000e-39	
1.440000e+01	2.360000e-03	6.370000e-06	1.840000e-04	2.330000e-39	
1.450000e+01	2.690000e-03	7.400000e-06	2.080000e-04	2.870000e-39	
1.460000e+01	2.340000e-03	6.310000e-06	1.830000e-04	3.180000e-39	
1.470000e+01	2.540000e-03	6.950000e-06	1.970000e-04	3.750000e-39	
1.480000e+01	2.360000e-03	6.430000e-06	1.840000e-04	4.100000e-39	
1.490000e+01	2.350000e-03	6.340000e-06	1.840000e-04	4.440000e-39	
1.500000e+01	2.810000e-03	7.800000e-06	2.170000e-04	4.980000e-39	
1.510000e+01	2.540000e-03	6.960000e-06	1.970000e-04	5.460000e-39	
1.520000e+01	3.060000e-03	8.570000e-06	2.370000e-04	6.150000e-39	
1.530000e+01	2.550000e-03	6.990000e-06	1.990000e-04	7.470000e-39	
1.540000e+01	2.540000e-03	7.000000e-06	1.980000e-04	8.910000e-39	
1.550000e+01	2.600000e-03	7.120000e-06	2.020000e-04	9.760000e-39	
1.560000e+01	2.770000e-03	7.690000e-06	2.150000e-04	1.060000e-38	
1.570000e+01	2.940000e-03	8.170000e-06	2.280000e-04	1.150000e-38	
1.580000e+01	2.790000e-03	7.710000e-06	2.170000e-04	1.240000e-38	
1.590000e+01	2.740000e-03	7.550000e-06	2.130000e-04	1.380000e-38	
1.600000e+01	3.340000e-03	9.480000e-06	2.580000e-04	1.540000e-38	
1.610000e+01	2.760000e-03	7.700000e-06	2.140000e-04	1.870000e-38	
1.620000e+01	3.100000e-03	8.770000e-06	2.390000e-04	2.070000e-38	
1.630000e+01	2.850000e-03	7.960000e-06	2.220000e-04	2.480000e-38	
1.640000e+01	2.840000e-03	7.970000e-06	2.200000e-04	2.690000e-38	
1.650000e+01	2.940000e-03	8.230000e-06	2.280000e-04	2.890000e-38	
1.660000e+01	3.200000e-03	9.030000e-06	2.480000e-04	3.130000e-38	
1.670000e+01	3.080000e-03	8.640000e-06	2.390000e-04	3.330000e-38	
1.680000e+01	3.050000e-03	8.670000e-06	2.360000e-04	3.680000e-38	
1.690000e+01	3.110000e-03	8.760000e-06	2.410000e-04	4.020000e-38	
1.700000e+01	3.160000e-03	9.080000e-06	2.430000e-04	5.040000e-38	
1.710000e+01	3.200000e-03	9.240000e-06	2.460000e-04	5.610000e-38	
1.720000e+01	3.340000e-03	9.510000e-06	2.580000e-04	6.660000e-38	
1.730000e+01	3.260000e-03	9.330000e-06	2.520000e-04	7.250000e-38	
1.740000e+01	3.630000e-03	1.060000e-05	2.780000e-04	7.760000e-38	
1.750000e+01	3.430000e-03	9.950000e-06	2.620000e-04	7.650000e-38	
1.760000e+01	3.410000e-03	9.820000e-06	2.620000e-04	8.260000e-38	
1.770000e+01	3.560000e-03	1.040000e-05	2.730000e-04	9.050000e-38	
1.780000e+01	3.520000e-03	1.030000e-05	2.690000e-04	9.850000e-38	
1.790000e+01	3.530000e-03	1.040000e-05	2.700000e-04	1.150000e-37	
1.800000e+01	3.590000e-03	1.060000e-05	2.740000e-04	1.100000e-37	
1.810000e+01	3.550000e-03	1.060000e-05	2.710000e-04	1.170000e-37	
1.820000e+01	3.720000e-03	1.110000e-05	2.830000e-04	1.260000e-37	
1.830000e+01	3.680000e-03	1.090000e-05	2.810000e-04	1.360000e-37	
1.840000e+01	3.800000e-03	1.140000e-05	2.900000e-04	1.470000e-37	
1.850000e+01	4.160000e-03	1.270000e-05	3.160000e-04	1.670000e-37	
1.860000e+01	3.920000e-03	1.190000e-05	2.980000e-04	1.960000e-37	
1.870000e+01	3.990000e-03	1.200000e-05	3.040000e-04	2.250000e-37	
1.880000e+01	4.470000e-03	1.370000e-05	3.380000e-04	2.420000e-37	
1.890000e+01	4.510000e-03	1.380000e-05	3.420000e-04	2.560000e-37	
1.900000e+01	4.090000e-03	1.250000e-05	3.100000e-04	2.690000e-37	
1.910000e+01	4.120000e-03	1.260000e-05	3.120000e-04	2.930000e-37	
1.920000e+01	4.280000e-03	1.310000e-05	3.240000e-04	3.130000e-37	
1.930000e+01	4.400000e-03	1.350000e-05	3.330000e-04	3.300000e-37	
1.940000e+01	4.520000e-03	1.390000e-05	3.420000e-04	3.760000e-37	
1.950000e+01	4.480000e-03	1.400000e-05	3.370000e-04	4.650000e-37	
1.960000e+01	4.620000e-03	1.420000e-05	3.490000e-04	5.060000e-37	
1.970000e+01	4.610000e-03	1.440000e-05	3.470000e-04	5.480000e-37	
1.980000e+01	4.620000e-03	1.450000e-05	3.470000e-04	5.840000e-37	
1.990000e+01	4.730000e-03	1.490000e-05	3.550000e-04	6.140000e-37	
2.000000e+01	4.860000e-03	1.530000e-05	3.650000e-04	6.520000e-37	
2.010000e+01	4.910000e-03	1.560000e-05	3.680000e-04	6.600000e-37	
2.020000e+01	5.110000e-03	1.610000e-05	3.820000e-04	7.040000e-37	
2.030000e+01	4.960000e-03	1.590000e-05	3.700000e-04	4.120000e-37	
2.040000e+01	5.220000e-03	1.670000e-05	3.890000e-04	9.310000e-37	
2.050000e+01	5.150000e-03	1.650000e-05	3.840000e-04	4.690000e-37	
2.060000e+01	5.780000e-03	1.880000e-05	4.300000e-04	5.030000e-37	
2.070000e+01	5.560000e-03	1.780000e-05	4.150000e-04	1.160000e-36	
2.080000e+01	5.590000e-03	1.810000e-05	4.150000e-04	1.230000e-36	
2.090000e+01	5.460000e-03	1.770000e-05	4.050000e-04	7.120000e-37	
2.100000e+01	5.710000e-03	1.850000e-05	4.230000e-04	7.590000e-37	
2.110000e+01	5.750000e-03	1.870000e-05	4.260000e-04	1.600000e-36	
2.120000e+01	5.650000e-03	1.830000e-05	4.180000e-04	1.680000e-36	
2.130000e+01	5.840000e-03	1.930000e-05	4.300000e-04	2.080000e-36	
2.140000e+01	6.120000e-03	2.000000e-05	4.520000e-04	2.500000e-36	
2.150000e+01	6.380000e-03	2.100000e-05	4.700000e-04	2.240000e-36	
2.160000e+01	6.160000e-03	2.040000e-05	4.520000e-04	3.020000e-36	
2.170000e+01	6.210000e-03	2.060000e-05	4.550000e-04	3.180000e-36	
2.180000e+01	6.390000e-03	2.120000e-05	4.690000e-04	3.360000e-36	
2.190000e+01	6.300000e-03	2.110000e-05	4.610000e-04	3.540000e-36	
2.200000e+01	6.760000e-03	2.270000e-05	4.940000e-04	2.840000e-36	
2.210000e+01	6.790000e-03	2.270000e-05	4.950000e-04	3.920000e-36	
2.220000e+01	6.640000e-03	2.230000e-05	4.840000e-04	4.120000e-36	
2.230000e+01	6.940000e-03	2.330000e-05	5.050000e-04	4.330000e-36	
2.240000e+01	7.030000e-03	2.380000e-05	5.110000e-04	4.540000e-36	
2.250000e+01	7.170000e-03	2.440000e-05	5.190000e-04	4.740000e-36	
2.260000e+01	7.140000e-03	2.440000e-05	5.160000e-04	4.930000e-36	
2.270000e+01	7.380000e-03	2.520000e-05	5.340000e-04	5.190000e-36	
2.280000e+01	7.640000e-03	2.630000e-05	5.510000e-04	5.420000e-36	
2.290000e+01	7.560000e-03	2.600000e-05	5.450000e-04	5.580000e-36	
2.300000e+01	7.640000e-03	2.630000e-05	5.490000e-04	5.810000e-36	
2.310000e+01	7.760000e-03	2.690000e-05	5.560000e-04	6.010000e-36	
2.320000e+01	7.900000e-03	2.740000e-05	5.660000e-04	7.130000e-36	
2.330000e+01	7.910000e-03	2.760000e-05	5.660000e-04	8.430000e-36	
2.340000e+01	8.090000e-03	2.820000e-05	5.790000e-04	9.460000e-36	
2.350000e+01	8.110000e-03	2.840000e-05	5.770000e-04	9.890000e-36	
2.360000e+01	8.730000e-03	3.060000e-05	6.220000e-04	1.030000e-35	
2.370000e+01	8.680000e-03	3.040000e-05	6.160000e-04	1.080000e-35	
2.380000e+01	9.050000e-03	3.230000e-05	6.400000e-04	1.110000e-35	
2.390000e+01	8.690000e-03	3.050000e-05	6.170000e-04	1.150000e-35	
2.400000e+01	9.280000e-03	3.330000e-05	6.540000e-04	1.190000e-35	
2.410000e+01	9.040000e-03	3.200000e-05	6.380000e-04	1.240000e-35	
2.420000e+01	1.050000e-02	3.700000e-05	7.310000e-04	1.280000e-35	
2.430000e+01	9.280000e-03	3.320000e-05	6.510000e-04	1.330000e-35	
2.440000e+01	9.840000e-03	3.580000e-05	6.860000e-04	1.390000e-35	
2.450000e+01	9.950000e-03	3.590000e-05	6.950000e-04	1.430000e-35	
2.460000e+01	1.010000e-02	3.640000e-05	7.060000e-04	1.490000e-35	
2.470000e+01	1.050000e-02	3.830000e-05	7.260000e-04	1.540000e-35	
2.480000e+01	1.000000e-02	3.650000e-05	6.950000e-04	1.580000e-35	
2.490000e+01	1.030000e-02	3.700000e-05	7.110000e-04	1.840000e-35	
2.500000e+01	1.070000e-02	3.930000e-05	7.380000e-04	2.170000e-35	
2.510000e+01	1.080000e-02	4.020000e-05	7.450000e-04	2.400000e-35	
2.520000e+01	1.180000e-02	4.310000e-05	8.070000e-04	2.560000e-35	
2.530000e+01	1.060000e-02	3.820000e-05	7.290000e-04	2.640000e-35	
2.540000e+01	1.140000e-02	4.290000e-05	7.800000e-04	2.730000e-35	
2.550000e+01	1.170000e-02	4.430000e-05	7.990000e-04	2.820000e-35	
2.560000e+01	1.170000e-02	4.390000e-05	7.970000e-04	2.900000e-35	
2.570000e+01	1.150000e-02	4.270000e-05	7.840000e-04	2.990000e-35	
2.580000e+01	1.150000e-02	4.270000e-05	7.830000e-04	3.060000e-35	
2.590000e+01	1.220000e-02	4.640000e-05	8.240000e-04	3.140000e-35	
2.600000e+01	1.230000e-02	4.710000e-05	8.270000e-04	3.260000e-35	
2.610000e+01	1.240000e-02	4.730000e-05	8.340000e-04	3.350000e-35	
2.620000e+01	1.260000e-02	4.860000e-05	8.440000e-04	3.470000e-35	
2.630000e+01	1.290000e-02	5.010000e-05	8.580000e-04	3.540000e-35	
2.640000e+01	1.310000e-02	5.140000e-05	8.710000e-04	3.650000e-35	
2.650000e+01	1.270000e-02	4.840000e-05	8.500000e-04	3.750000e-35	
2.660000e+01	1.320000e-02	5.120000e-05	8.740000e-04	3.840000e-35	
2.670000e+01	1.360000e-02	5.360000e-05	8.940000e-04	4.980000e-35	
2.680000e+01	1.350000e-02	5.230000e-05	8.890000e-04	5.200000e-35	
2.690000e+01	1.340000e-02	5.080000e-05	8.810000e-04	5.750000e-35	
2.700000e+01	1.350000e-02	5.260000e-05	8.950000e-04	5.540000e-34	
2.710000e+01	1.400000e-02	5.520000e-05	9.140000e-04	6.050000e-35	
2.720000e+01	1.390000e-02	5.430000e-05	9.100000e-04	6.230000e-35	
2.730000e+01	1.430000e-02	5.650000e-05	9.290000e-04	6.350000e-35	
2.740000e+01	1.440000e-02	5.770000e-05	9.390000e-04	6.510000e-35	
2.750000e+01	1.460000e-02	5.780000e-05	9.450000e-04	6.990000e-34	
2.760000e+01	1.490000e-02	6.010000e-05	9.570000e-04	6.900000e-35	
2.770000e+01	1.500000e-02	6.090000e-05	9.630000e-04	6.970000e-35	
2.780000e+01	1.510000e-02	6.140000e-05	9.700000e-04	7.150000e-35	
2.790000e+01	1.490000e-02	5.890000e-05	9.510000e-04	8.620000e-34	
2.800000e+01	1.500000e-02	5.980000e-05	9.590000e-04	9.160000e-34	
2.810000e+01	1.560000e-02	6.380000e-05	9.890000e-04	7.720000e-35	
2.820000e+01	1.590000e-02	6.590000e-05	1.000000e-03	7.960000e-35	
2.830000e+01	1.610000e-02	6.670000e-05	1.010000e-03	8.150000e-35	
2.840000e+01	1.650000e-02	6.850000e-05	1.030000e-03	8.350000e-35	
2.850000e+01	1.620000e-02	6.640000e-05	1.020000e-03	1.080000e-33	
2.860000e+01	1.670000e-02	7.020000e-05	1.030000e-03	1.110000e-34	
2.870000e+01	1.670000e-02	7.020000e-05	1.040000e-03	1.170000e-34	
2.880000e+01	1.680000e-02	7.060000e-05	1.040000e-03	1.250000e-34	
2.890000e+01	1.700000e-02	7.240000e-05	1.050000e-03	1.280000e-34	
2.900000e+01	1.620000e-02	6.490000e-05	1.000000e-03	1.370000e-33	
2.910000e+01	1.730000e-02	7.380000e-05	1.060000e-03	1.340000e-34	
2.920000e+01	1.700000e-02	7.100000e-05	1.040000e-03	1.380000e-34	
2.930000e+01	1.760000e-02	7.540000e-05	1.070000e-03	1.410000e-34	
2.940000e+01	1.790000e-02	7.740000e-05	1.080000e-03	1.450000e-34	
2.950000e+01	1.850000e-02	7.840000e-05	1.100000e-03	1.480000e-34	
2.960000e+01	1.810000e-02	7.820000e-05	1.090000e-03	1.520000e-34	
2.970000e+01	1.820000e-02	7.870000e-05	1.090000e-03	1.550000e-34	
2.980000e+01	1.860000e-02	8.160000e-05	1.110000e-03	1.590000e-34	
2.990000e+01	1.870000e-02	7.750000e-05	1.090000e-03	1.620000e-34	
3.000000e+01	1.890000e-02	8.270000e-05	1.120000e-03	1.940000e-33	
3.100000e+01	2.020000e-02	9.090000e-05	1.160000e-03	1.720000e-34	
3.200000e+01	2.160000e-02	9.890000e-05	1.200000e-03	9.280000e-34	
3.300000e+01	2.300000e-02	1.050000e-04	1.230000e-03	3.230000e-30	
3.500000e+01	2.480000e-02	1.150000e-04	1.280000e-03	6.240000e-13	
4.000000e+01	2.870000e-02	1.280000e-04	1.380000e-03	6.880000e-12	
4.500000e+01	3.810000e-02	1.590000e-04	3.410000e-02	3.150000e-22	
5.000000e+01	4.670000e-02	1.740000e-04	1.080000e-01	1.850000e-23	
5.500000e+01	5.280000e-02	1.770000e-04	1.430000e-01	5.260000e-23	
6.000000e+01	6.060000e-02	1.840000e-04	2.000000e-01	4.990000e-23	
7.000000e+01	7.300000e-02	1.990000e-04	2.620000e-01	6.710000e-24	
8.000000e+01	8.440000e-02	2.080000e-04	3.140000e-01	3.120000e-23	
1.000000e+02	1.070000e-01	2.320000e-04	4.300000e-01	1.760000e-23	
1.200000e+02	1.300000e-01	2.380000e-04	5.260000e-01	1.220000e-08	
