# Units are Msun
# M_init	ni58	ni60	ni61	ni62	ni64	
8	0	0	0	0	0	
9.000000e+00	1.410000e-05	5.610000e-06	2.480000e-07	8.030000e-07	2.110000e-07	
9.250000e+00	1.500000e-05	6.000000e-06	2.650000e-07	8.590000e-07	2.250000e-07	
9.500000e+00	1.620000e-05	6.450000e-06	2.850000e-07	9.230000e-07	2.420000e-07	
1.000000e+01	1.800000e-05	7.170000e-06	3.170000e-07	1.030000e-06	2.700000e-07	
1.025000e+01	1.790000e-05	7.130000e-06	3.150000e-07	1.020000e-06	2.680000e-07	
1.050000e+01	1.690000e-05	6.750000e-06	2.990000e-07	9.670000e-07	2.540000e-07	
1.075000e+01	1.720000e-05	6.840000e-06	3.030000e-07	9.800000e-07	2.570000e-07	
1.100000e+01	1.730000e-05	6.880000e-06	3.040000e-07	9.850000e-07	2.590000e-07	
1.125000e+01	2.000000e-05	7.960000e-06	3.520000e-07	1.140000e-06	2.990000e-07	
1.150000e+01	4.130000e-05	1.640000e-05	7.280000e-07	2.350000e-06	6.180000e-07	
1.175000e+01	5.390000e-05	2.150000e-05	9.500000e-07	3.080000e-06	8.070000e-07	
1.200000e+01	6.070000e-05	2.420000e-05	1.070000e-06	3.460000e-06	9.090000e-07	
1.225000e+01	6.450000e-05	2.570000e-05	1.140000e-06	3.680000e-06	9.660000e-07	
1.250000e+01	7.240000e-05	2.890000e-05	1.280000e-06	4.140000e-06	1.090000e-06	
1.275000e+01	7.430000e-05	2.960000e-05	1.310000e-06	4.240000e-06	1.110000e-06	
1.300000e+01	7.920000e-05	3.160000e-05	1.400000e-06	4.520000e-06	1.190000e-06	
1.310000e+01	9.010000e-05	3.590000e-05	1.590000e-06	5.140000e-06	1.350000e-06	
1.320000e+01	9.180000e-05	3.660000e-05	1.620000e-06	5.240000e-06	1.370000e-06	
1.330000e+01	8.820000e-05	3.520000e-05	1.550000e-06	5.030000e-06	1.320000e-06	
1.340000e+01	9.210000e-05	3.670000e-05	1.620000e-06	5.250000e-06	1.380000e-06	
1.350000e+01	9.520000e-05	3.790000e-05	1.680000e-06	5.430000e-06	1.430000e-06	
1.360000e+01	1.010000e-04	4.040000e-05	1.780000e-06	5.780000e-06	1.520000e-06	
1.370000e+01	1.000000e-04	4.000000e-05	1.770000e-06	5.720000e-06	1.500000e-06	
1.380000e+01	1.070000e-04	4.260000e-05	1.880000e-06	6.100000e-06	1.600000e-06	
1.390000e+01	9.810000e-05	3.910000e-05	1.730000e-06	5.600000e-06	1.470000e-06	
1.400000e+01	1.060000e-04	4.230000e-05	1.870000e-06	6.050000e-06	5.290000e-37	
1.410000e+01	1.110000e-04	4.440000e-05	1.960000e-06	6.350000e-06	1.670000e-06	
1.420000e+01	1.040000e-04	4.150000e-05	1.830000e-06	5.940000e-06	1.560000e-06	
1.430000e+01	1.080000e-04	4.300000e-05	1.900000e-06	6.160000e-06	1.620000e-06	
1.440000e+01	1.110000e-04	4.440000e-05	1.960000e-06	6.350000e-06	1.670000e-06	
1.450000e+01	1.270000e-04	5.060000e-05	2.240000e-06	7.250000e-06	1.900000e-06	
1.460000e+01	1.110000e-04	4.410000e-05	1.950000e-06	6.310000e-06	1.660000e-06	
1.470000e+01	1.200000e-04	4.780000e-05	2.110000e-06	6.840000e-06	1.790000e-06	
1.480000e+01	1.120000e-04	4.450000e-05	1.960000e-06	6.370000e-06	1.670000e-06	
1.490000e+01	1.110000e-04	4.420000e-05	1.950000e-06	6.320000e-06	1.660000e-06	
1.500000e+01	1.320000e-04	5.280000e-05	2.330000e-06	7.550000e-06	1.980000e-06	
1.510000e+01	1.200000e-04	4.770000e-05	2.110000e-06	6.830000e-06	1.790000e-06	
1.520000e+01	1.440000e-04	5.760000e-05	2.540000e-06	8.240000e-06	2.170000e-06	
1.530000e+01	1.200000e-04	4.800000e-05	2.120000e-06	6.870000e-06	1.800000e-06	
1.540000e+01	1.200000e-04	4.790000e-05	2.110000e-06	6.850000e-06	1.800000e-06	
1.550000e+01	1.230000e-04	4.890000e-05	2.160000e-06	7.000000e-06	1.840000e-06	
1.560000e+01	1.310000e-04	5.220000e-05	2.300000e-06	7.470000e-06	1.960000e-06	
1.570000e+01	1.390000e-04	5.530000e-05	2.440000e-06	7.920000e-06	2.080000e-06	
1.580000e+01	1.320000e-04	5.250000e-05	2.320000e-06	7.520000e-06	1.970000e-06	
1.590000e+01	1.290000e-04	5.140000e-05	2.270000e-06	7.370000e-06	1.930000e-06	
1.600000e+01	1.580000e-04	6.280000e-05	2.780000e-06	9.000000e-06	2.360000e-06	
1.610000e+01	1.300000e-04	5.190000e-05	2.290000e-06	7.430000e-06	1.950000e-06	
1.620000e+01	1.460000e-04	5.830000e-05	2.580000e-06	8.350000e-06	2.190000e-06	
1.630000e+01	1.350000e-04	5.370000e-05	2.370000e-06	7.690000e-06	2.020000e-06	
1.640000e+01	1.340000e-04	5.340000e-05	2.360000e-06	7.650000e-06	2.010000e-06	
1.650000e+01	1.390000e-04	5.520000e-05	2.440000e-06	7.910000e-06	2.080000e-06	
1.660000e+01	1.510000e-04	6.020000e-05	2.660000e-06	8.630000e-06	2.260000e-06	
1.670000e+01	1.450000e-04	5.790000e-05	2.560000e-06	8.300000e-06	2.180000e-06	
1.680000e+01	1.440000e-04	5.740000e-05	2.540000e-06	8.230000e-06	2.160000e-06	
1.690000e+01	1.470000e-04	5.850000e-05	2.580000e-06	8.370000e-06	2.200000e-06	
1.700000e+01	1.490000e-04	5.940000e-05	2.620000e-06	8.510000e-06	2.230000e-06	
1.710000e+01	1.510000e-04	6.030000e-05	2.660000e-06	8.630000e-06	2.270000e-06	
1.720000e+01	1.580000e-04	6.280000e-05	2.770000e-06	8.990000e-06	2.360000e-06	
1.730000e+01	1.540000e-04	6.130000e-05	2.710000e-06	8.780000e-06	2.300000e-06	
1.740000e+01	1.710000e-04	6.830000e-05	3.020000e-06	9.780000e-06	2.570000e-06	
1.750000e+01	1.620000e-04	6.440000e-05	2.850000e-06	9.230000e-06	2.420000e-06	
1.760000e+01	1.610000e-04	6.410000e-05	2.830000e-06	9.170000e-06	2.410000e-06	
1.770000e+01	1.680000e-04	6.700000e-05	2.960000e-06	9.600000e-06	2.520000e-06	
1.780000e+01	1.660000e-04	6.620000e-05	2.920000e-06	9.470000e-06	2.490000e-06	
1.790000e+01	1.670000e-04	6.640000e-05	2.930000e-06	9.510000e-06	2.500000e-06	
1.800000e+01	1.690000e-04	6.740000e-05	2.980000e-06	9.660000e-06	2.530000e-06	
1.810000e+01	1.680000e-04	6.680000e-05	2.950000e-06	9.570000e-06	2.510000e-06	
1.820000e+01	1.750000e-04	6.990000e-05	3.090000e-06	1.000000e-05	2.630000e-06	
1.830000e+01	1.740000e-04	6.920000e-05	3.060000e-06	9.910000e-06	2.600000e-06	
1.840000e+01	1.790000e-04	7.150000e-05	3.160000e-06	1.020000e-05	2.690000e-06	
1.850000e+01	1.970000e-04	7.830000e-05	3.460000e-06	1.120000e-05	2.940000e-06	
1.860000e+01	1.850000e-04	7.380000e-05	3.260000e-06	1.060000e-05	2.770000e-06	
1.870000e+01	1.880000e-04	7.510000e-05	3.320000e-06	1.080000e-05	2.820000e-06	
1.880000e+01	2.110000e-04	8.410000e-05	3.720000e-06	1.200000e-05	3.160000e-06	
1.890000e+01	2.130000e-04	8.490000e-05	3.750000e-06	1.220000e-05	3.190000e-06	
1.900000e+01	1.930000e-04	7.700000e-05	3.400000e-06	1.100000e-05	2.890000e-06	
1.910000e+01	1.950000e-04	7.760000e-05	3.430000e-06	1.110000e-05	2.920000e-06	
1.920000e+01	2.020000e-04	8.040000e-05	3.550000e-06	1.150000e-05	3.020000e-06	
1.930000e+01	2.080000e-04	8.280000e-05	3.660000e-06	1.190000e-05	3.110000e-06	
1.940000e+01	2.130000e-04	8.500000e-05	3.760000e-06	1.220000e-05	3.200000e-06	
1.950000e+01	2.110000e-04	8.430000e-05	3.720000e-06	1.210000e-05	3.170000e-06	
1.960000e+01	2.180000e-04	8.690000e-05	3.840000e-06	1.240000e-05	3.270000e-06	
1.970000e+01	2.180000e-04	8.680000e-05	3.830000e-06	1.240000e-05	3.260000e-06	
1.980000e+01	2.180000e-04	8.690000e-05	3.840000e-06	1.240000e-05	3.270000e-06	
1.990000e+01	2.230000e-04	8.900000e-05	3.930000e-06	1.270000e-05	3.350000e-06	
2.000000e+01	2.290000e-04	9.140000e-05	4.040000e-06	1.310000e-05	3.440000e-06	
2.010000e+01	2.320000e-04	9.240000e-05	4.080000e-06	1.320000e-05	3.480000e-06	
2.020000e+01	2.410000e-04	9.610000e-05	4.240000e-06	1.380000e-05	3.610000e-06	
2.030000e+01	2.340000e-04	9.340000e-05	4.130000e-06	1.340000e-05	3.510000e-06	
2.040000e+01	2.460000e-04	9.830000e-05	4.340000e-06	1.410000e-05	3.690000e-06	
2.050000e+01	2.430000e-04	9.700000e-05	4.280000e-06	1.390000e-05	3.650000e-06	
2.060000e+01	2.730000e-04	1.090000e-04	4.800000e-06	1.560000e-05	4.090000e-06	
2.070000e+01	2.630000e-04	1.050000e-04	4.630000e-06	1.500000e-05	3.940000e-06	
2.080000e+01	2.640000e-04	1.050000e-04	4.650000e-06	1.510000e-05	3.960000e-06	
2.090000e+01	2.580000e-04	1.030000e-04	4.540000e-06	1.470000e-05	3.860000e-06	
2.100000e+01	2.690000e-04	1.070000e-04	4.750000e-06	1.540000e-05	4.040000e-06	
2.110000e+01	2.710000e-04	1.080000e-04	4.780000e-06	1.550000e-05	4.070000e-06	
2.120000e+01	2.670000e-04	1.060000e-04	4.690000e-06	1.520000e-05	3.990000e-06	
2.130000e+01	2.760000e-04	1.100000e-04	4.860000e-06	1.570000e-05	4.130000e-06	
2.140000e+01	2.890000e-04	1.150000e-04	5.090000e-06	1.650000e-05	4.330000e-06	
2.150000e+01	3.010000e-04	1.200000e-04	5.310000e-06	1.720000e-05	4.510000e-06	
2.160000e+01	2.910000e-04	1.160000e-04	5.120000e-06	1.660000e-05	4.360000e-06	
2.170000e+01	2.930000e-04	1.170000e-04	5.160000e-06	1.670000e-05	4.390000e-06	
2.180000e+01	3.020000e-04	1.200000e-04	5.310000e-06	1.720000e-05	4.520000e-06	
2.190000e+01	2.970000e-04	1.180000e-04	5.240000e-06	1.700000e-05	4.460000e-06	
2.200000e+01	3.190000e-04	1.270000e-04	5.620000e-06	1.820000e-05	4.780000e-06	
2.210000e+01	3.200000e-04	1.280000e-04	5.640000e-06	1.830000e-05	4.800000e-06	
2.220000e+01	3.140000e-04	1.250000e-04	5.520000e-06	1.790000e-05	4.700000e-06	
2.230000e+01	3.270000e-04	1.310000e-04	5.770000e-06	1.870000e-05	4.910000e-06	
2.240000e+01	3.320000e-04	1.320000e-04	5.850000e-06	1.890000e-05	4.980000e-06	
2.250000e+01	3.390000e-04	1.350000e-04	5.970000e-06	1.930000e-05	5.080000e-06	
2.260000e+01	3.370000e-04	1.340000e-04	5.940000e-06	1.930000e-05	5.050000e-06	
2.270000e+01	3.490000e-04	1.390000e-04	6.140000e-06	1.990000e-05	5.220000e-06	
2.280000e+01	3.610000e-04	1.440000e-04	6.360000e-06	2.060000e-05	5.410000e-06	
2.290000e+01	3.570000e-04	1.420000e-04	6.290000e-06	2.040000e-05	5.350000e-06	
2.300000e+01	3.610000e-04	1.440000e-04	6.350000e-06	2.060000e-05	5.400000e-06	
2.310000e+01	3.660000e-04	1.460000e-04	6.450000e-06	2.090000e-05	5.490000e-06	
2.320000e+01	3.730000e-04	1.490000e-04	6.570000e-06	2.130000e-05	5.590000e-06	
2.330000e+01	3.740000e-04	1.490000e-04	6.580000e-06	2.130000e-05	5.600000e-06	
2.340000e+01	3.820000e-04	1.520000e-04	6.730000e-06	2.180000e-05	5.730000e-06	
2.350000e+01	3.830000e-04	1.530000e-04	6.740000e-06	2.180000e-05	5.740000e-06	
2.360000e+01	4.120000e-04	1.640000e-04	7.260000e-06	2.350000e-05	6.180000e-06	
2.370000e+01	4.100000e-04	1.630000e-04	7.220000e-06	2.340000e-05	6.140000e-06	
2.380000e+01	4.280000e-04	1.700000e-04	7.530000e-06	2.440000e-05	6.410000e-06	
2.390000e+01	4.110000e-04	1.640000e-04	7.230000e-06	2.340000e-05	6.150000e-06	
2.400000e+01	4.380000e-04	1.750000e-04	7.720000e-06	2.500000e-05	6.570000e-06	
2.410000e+01	4.270000e-04	1.700000e-04	7.520000e-06	2.440000e-05	6.400000e-06	
2.420000e+01	4.950000e-04	1.970000e-04	8.720000e-06	2.820000e-05	7.420000e-06	
2.430000e+01	4.380000e-04	1.750000e-04	7.720000e-06	2.500000e-05	6.570000e-06	
2.440000e+01	4.650000e-04	1.850000e-04	8.190000e-06	2.650000e-05	6.960000e-06	
2.450000e+01	4.700000e-04	1.870000e-04	8.280000e-06	2.680000e-05	7.040000e-06	
2.460000e+01	4.770000e-04	1.900000e-04	8.390000e-06	2.720000e-05	7.140000e-06	
2.470000e+01	4.950000e-04	1.970000e-04	8.710000e-06	2.820000e-05	7.410000e-06	
2.480000e+01	4.740000e-04	1.890000e-04	8.350000e-06	2.710000e-05	7.100000e-06	
2.490000e+01	4.850000e-04	1.930000e-04	8.540000e-06	2.770000e-05	7.260000e-06	
2.500000e+01	5.050000e-04	2.010000e-04	8.900000e-06	2.880000e-05	7.570000e-06	
2.510000e+01	5.120000e-04	2.040000e-04	9.010000e-06	2.920000e-05	7.670000e-06	
2.520000e+01	5.590000e-04	2.230000e-04	9.840000e-06	3.190000e-05	8.370000e-06	
2.530000e+01	4.990000e-04	1.990000e-04	8.780000e-06	2.850000e-05	7.470000e-06	
2.540000e+01	5.400000e-04	2.150000e-04	9.510000e-06	3.080000e-05	8.090000e-06	
2.550000e+01	5.550000e-04	2.210000e-04	9.780000e-06	3.170000e-05	8.320000e-06	
2.560000e+01	5.520000e-04	2.200000e-04	9.720000e-06	3.150000e-05	8.270000e-06	
2.570000e+01	5.430000e-04	2.160000e-04	9.560000e-06	3.100000e-05	8.130000e-06	
2.580000e+01	5.440000e-04	2.170000e-04	9.570000e-06	3.100000e-05	8.140000e-06	
2.590000e+01	5.760000e-04	2.300000e-04	1.010000e-05	3.290000e-05	8.630000e-06	
2.600000e+01	5.820000e-04	2.320000e-04	1.030000e-05	3.320000e-05	8.720000e-06	
2.610000e+01	5.870000e-04	2.340000e-04	1.030000e-05	3.350000e-05	8.790000e-06	
2.620000e+01	5.960000e-04	2.380000e-04	1.050000e-05	3.400000e-05	8.930000e-06	
2.630000e+01	6.090000e-04	2.430000e-04	1.070000e-05	3.470000e-05	9.120000e-06	
2.640000e+01	6.210000e-04	2.480000e-04	1.090000e-05	3.550000e-05	9.310000e-06	
2.650000e+01	6.010000e-04	2.390000e-04	1.060000e-05	3.430000e-05	9.000000e-06	
2.660000e+01	6.230000e-04	2.480000e-04	1.100000e-05	3.550000e-05	9.330000e-06	
2.670000e+01	6.420000e-04	2.560000e-04	1.130000e-05	3.660000e-05	9.620000e-06	
2.680000e+01	6.370000e-04	2.540000e-04	1.120000e-05	3.630000e-05	9.540000e-06	
2.690000e+01	6.320000e-04	2.520000e-04	1.110000e-05	3.610000e-05	9.470000e-06	
2.700000e+01	6.410000e-04	2.550000e-04	1.130000e-05	3.660000e-05	9.600000e-06	
2.710000e+01	6.610000e-04	2.630000e-04	1.160000e-05	3.770000e-05	9.900000e-06	
2.720000e+01	6.580000e-04	2.620000e-04	1.160000e-05	3.750000e-05	9.860000e-06	
2.730000e+01	6.750000e-04	2.690000e-04	1.190000e-05	3.850000e-05	1.010000e-05	
2.740000e+01	6.830000e-04	2.720000e-04	1.200000e-05	3.900000e-05	1.020000e-05	
2.750000e+01	6.900000e-04	2.750000e-04	1.220000e-05	3.940000e-05	1.030000e-05	
2.760000e+01	7.030000e-04	2.800000e-04	1.240000e-05	4.010000e-05	1.050000e-05	
2.770000e+01	7.100000e-04	2.830000e-04	1.250000e-05	4.050000e-05	1.060000e-05	
2.780000e+01	7.150000e-04	2.850000e-04	1.260000e-05	4.080000e-05	1.070000e-05	
2.790000e+01	7.030000e-04	2.800000e-04	1.240000e-05	4.010000e-05	1.050000e-05	
2.800000e+01	7.110000e-04	2.830000e-04	1.250000e-05	4.060000e-05	1.060000e-05	
2.810000e+01	7.370000e-04	2.940000e-04	1.300000e-05	4.210000e-05	1.100000e-05	
2.820000e+01	7.530000e-04	3.000000e-04	1.330000e-05	4.300000e-05	1.130000e-05	
2.830000e+01	7.600000e-04	3.030000e-04	1.340000e-05	4.340000e-05	1.140000e-05	
2.840000e+01	7.820000e-04	3.120000e-04	1.380000e-05	4.460000e-05	1.170000e-05	
2.850000e+01	7.690000e-04	3.060000e-04	1.350000e-05	4.390000e-05	1.150000e-05	
2.860000e+01	7.890000e-04	3.140000e-04	1.390000e-05	4.500000e-05	1.180000e-05	
2.870000e+01	7.910000e-04	3.150000e-04	1.390000e-05	4.520000e-05	1.190000e-05	
2.880000e+01	7.930000e-04	3.160000e-04	1.400000e-05	4.520000e-05	1.190000e-05	
2.890000e+01	8.060000e-04	3.210000e-04	1.420000e-05	4.600000e-05	1.210000e-05	
2.900000e+01	7.680000e-04	3.060000e-04	1.350000e-05	4.380000e-05	1.150000e-05	
2.910000e+01	8.190000e-04	3.260000e-04	1.440000e-05	4.670000e-05	1.230000e-05	
2.920000e+01	8.060000e-04	3.210000e-04	1.420000e-05	4.600000e-05	1.210000e-05	
2.930000e+01	8.350000e-04	3.330000e-04	1.470000e-05	4.760000e-05	1.250000e-05	
2.940000e+01	8.480000e-04	3.380000e-04	1.490000e-05	4.840000e-05	1.270000e-05	
2.950000e+01	8.740000e-04	3.480000e-04	1.540000e-05	4.990000e-05	1.310000e-05	
2.960000e+01	8.560000e-04	3.410000e-04	1.510000e-05	4.890000e-05	1.280000e-05	
2.970000e+01	8.610000e-04	3.430000e-04	1.520000e-05	4.910000e-05	1.290000e-05	
2.980000e+01	8.830000e-04	3.520000e-04	1.560000e-05	5.040000e-05	1.320000e-05	
2.990000e+01	8.840000e-04	3.520000e-04	1.560000e-05	5.050000e-05	1.330000e-05	
3.000000e+01	8.940000e-04	3.560000e-04	1.570000e-05	5.100000e-05	1.340000e-05	
3.100000e+01	9.590000e-04	3.820000e-04	1.690000e-05	5.470000e-05	1.440000e-05	
3.200000e+01	1.030000e-03	4.090000e-04	1.810000e-05	5.860000e-05	1.540000e-05	
3.300000e+01	1.090000e-03	4.350000e-04	1.920000e-05	6.220000e-05	1.630000e-05	
3.500000e+01	1.180000e-03	4.690000e-04	2.070000e-05	6.720000e-05	1.760000e-05	
4.000000e+01	1.360000e-03	5.430000e-04	2.400000e-05	7.770000e-05	2.040000e-05	
4.500000e+01	1.630000e-03	8.790000e-04	9.840000e-05	2.060000e-04	8.590000e-05	
5.000000e+01	1.900000e-03	1.030000e-03	1.150000e-04	2.130000e-04	6.220000e-05	
5.500000e+01	2.140000e-03	1.140000e-03	1.280000e-04	2.300000e-04	6.460000e-05	
6.000000e+01	2.630000e-03	1.190000e-03	1.070000e-04	1.960000e-04	5.210000e-05	
7.000000e+01	3.240000e-03	1.410000e-03	1.160000e-04	2.210000e-04	5.930000e-05	
8.000000e+01	3.760000e-03	1.630000e-03	1.340000e-04	2.550000e-04	6.850000e-05	
1.000000e+02	4.820000e-03	2.080000e-03	1.670000e-04	3.200000e-04	8.610000e-05	
1.200000e+02	5.840000e-03	2.510000e-03	2.030000e-04	3.880000e-04	1.050000e-04	
