# Units are Msun
# M_init	tb159	
8	0	
9.000000e+00	6.990000e-11	
9.250000e+00	7.470000e-11	
9.500000e+00	8.030000e-11	
1.000000e+01	8.930000e-11	
1.025000e+01	8.890000e-11	
1.050000e+01	8.420000e-11	
1.075000e+01	8.530000e-11	
1.100000e+01	8.570000e-11	
1.125000e+01	9.920000e-11	
1.150000e+01	2.050000e-10	
1.175000e+01	2.680000e-10	
1.200000e+01	3.010000e-10	
1.225000e+01	3.200000e-10	
1.250000e+01	3.600000e-10	
1.275000e+01	3.690000e-10	
1.300000e+01	3.930000e-10	
1.310000e+01	4.490000e-10	
1.320000e+01	4.570000e-10	
1.330000e+01	4.390000e-10	
1.340000e+01	4.590000e-10	
1.350000e+01	4.740000e-10	
1.360000e+01	5.050000e-10	
1.370000e+01	4.990000e-10	
1.380000e+01	5.330000e-10	
1.390000e+01	4.890000e-10	
1.400000e+01	5.550000e-10	
1.410000e+01	5.550000e-10	
1.420000e+01	5.190000e-10	
1.430000e+01	5.370000e-10	
1.440000e+01	5.550000e-10	
1.450000e+01	6.330000e-10	
1.460000e+01	5.510000e-10	
1.470000e+01	5.970000e-10	
1.480000e+01	5.560000e-10	
1.490000e+01	5.520000e-10	
1.500000e+01	6.600000e-10	
1.510000e+01	5.960000e-10	
1.520000e+01	7.200000e-10	
1.530000e+01	6.000000e-10	
1.540000e+01	5.980000e-10	
1.550000e+01	6.110000e-10	
1.560000e+01	6.520000e-10	
1.570000e+01	6.920000e-10	
1.580000e+01	6.560000e-10	
1.590000e+01	6.430000e-10	
1.600000e+01	7.860000e-10	
1.610000e+01	6.490000e-10	
1.620000e+01	7.290000e-10	
1.630000e+01	6.710000e-10	
1.640000e+01	6.680000e-10	
1.650000e+01	6.900000e-10	
1.660000e+01	7.530000e-10	
1.670000e+01	7.240000e-10	
1.680000e+01	7.180000e-10	
1.690000e+01	7.310000e-10	
1.700000e+01	7.420000e-10	
1.710000e+01	7.540000e-10	
1.720000e+01	7.850000e-10	
1.730000e+01	7.670000e-10	
1.740000e+01	8.540000e-10	
1.750000e+01	8.050000e-10	
1.760000e+01	8.010000e-10	
1.770000e+01	8.380000e-10	
1.780000e+01	8.270000e-10	
1.790000e+01	8.300000e-10	
1.800000e+01	8.430000e-10	
1.810000e+01	8.350000e-10	
1.820000e+01	8.740000e-10	
1.830000e+01	8.650000e-10	
1.840000e+01	8.940000e-10	
1.850000e+01	9.790000e-10	
1.860000e+01	9.220000e-10	
1.870000e+01	9.390000e-10	
1.880000e+01	1.050000e-09	
1.890000e+01	1.060000e-09	
1.900000e+01	9.620000e-10	
1.910000e+01	9.700000e-10	
1.920000e+01	1.010000e-09	
1.930000e+01	1.040000e-09	
1.940000e+01	1.060000e-09	
1.950000e+01	1.050000e-09	
1.960000e+01	1.090000e-09	
1.970000e+01	1.090000e-09	
1.980000e+01	1.090000e-09	
1.990000e+01	1.110000e-09	
2.000000e+01	1.140000e-09	
2.010000e+01	1.160000e-09	
2.020000e+01	1.200000e-09	
2.030000e+01	1.170000e-09	
2.040000e+01	1.230000e-09	
2.050000e+01	1.210000e-09	
2.060000e+01	1.360000e-09	
2.070000e+01	1.310000e-09	
2.080000e+01	1.320000e-09	
2.090000e+01	1.280000e-09	
2.100000e+01	1.340000e-09	
2.110000e+01	1.350000e-09	
2.120000e+01	1.330000e-09	
2.130000e+01	1.370000e-09	
2.140000e+01	1.440000e-09	
2.150000e+01	1.500000e-09	
2.160000e+01	1.450000e-09	
2.170000e+01	1.460000e-09	
2.180000e+01	1.500000e-09	
2.190000e+01	1.480000e-09	
2.200000e+01	1.590000e-09	
2.210000e+01	1.600000e-09	
2.220000e+01	1.560000e-09	
2.230000e+01	1.630000e-09	
2.240000e+01	1.650000e-09	
2.250000e+01	1.690000e-09	
2.260000e+01	1.680000e-09	
2.270000e+01	1.740000e-09	
2.280000e+01	1.800000e-09	
2.290000e+01	1.780000e-09	
2.300000e+01	1.800000e-09	
2.310000e+01	1.830000e-09	
2.320000e+01	1.860000e-09	
2.330000e+01	1.860000e-09	
2.340000e+01	1.900000e-09	
2.350000e+01	1.910000e-09	
2.360000e+01	2.050000e-09	
2.370000e+01	2.040000e-09	
2.380000e+01	2.130000e-09	
2.390000e+01	2.050000e-09	
2.400000e+01	2.180000e-09	
2.410000e+01	2.130000e-09	
2.420000e+01	2.470000e-09	
2.430000e+01	2.180000e-09	
2.440000e+01	2.310000e-09	
2.450000e+01	2.340000e-09	
2.460000e+01	2.370000e-09	
2.470000e+01	2.460000e-09	
2.480000e+01	2.360000e-09	
2.490000e+01	2.410000e-09	
2.500000e+01	2.520000e-09	
2.510000e+01	2.550000e-09	
2.520000e+01	2.780000e-09	
2.530000e+01	2.490000e-09	
2.540000e+01	2.690000e-09	
2.550000e+01	2.760000e-09	
2.560000e+01	2.750000e-09	
2.570000e+01	2.700000e-09	
2.580000e+01	2.710000e-09	
2.590000e+01	2.870000e-09	
2.600000e+01	2.900000e-09	
2.610000e+01	2.920000e-09	
2.620000e+01	2.970000e-09	
2.630000e+01	3.030000e-09	
2.640000e+01	3.090000e-09	
2.650000e+01	2.990000e-09	
2.660000e+01	3.100000e-09	
2.670000e+01	3.200000e-09	
2.680000e+01	3.170000e-09	
2.690000e+01	3.150000e-09	
2.700000e+01	3.190000e-09	
2.710000e+01	3.290000e-09	
2.720000e+01	3.280000e-09	
2.730000e+01	3.360000e-09	
2.740000e+01	3.400000e-09	
2.750000e+01	3.430000e-09	
2.760000e+01	3.500000e-09	
2.770000e+01	3.540000e-09	
2.780000e+01	3.560000e-09	
2.790000e+01	3.500000e-09	
2.800000e+01	3.540000e-09	
2.810000e+01	3.670000e-09	
2.820000e+01	3.750000e-09	
2.830000e+01	3.780000e-09	
2.840000e+01	3.890000e-09	
2.850000e+01	3.830000e-09	
2.860000e+01	3.930000e-09	
2.870000e+01	3.940000e-09	
2.880000e+01	3.950000e-09	
2.890000e+01	4.010000e-09	
2.900000e+01	3.820000e-09	
2.910000e+01	4.080000e-09	
2.920000e+01	4.010000e-09	
2.930000e+01	4.150000e-09	
2.940000e+01	4.220000e-09	
2.950000e+01	4.350000e-09	
2.960000e+01	4.260000e-09	
2.970000e+01	4.280000e-09	
2.980000e+01	4.400000e-09	
2.990000e+01	4.400000e-09	
3.000000e+01	4.450000e-09	
3.100000e+01	4.770000e-09	
3.200000e+01	5.110000e-09	
3.300000e+01	5.430000e-09	
3.500000e+01	5.860000e-09	
4.000000e+01	6.770000e-09	
4.500000e+01	8.130000e-09	
5.000000e+01	9.230000e-09	
5.500000e+01	1.020000e-08	
6.000000e+01	1.200000e-08	
7.000000e+01	1.460000e-08	
8.000000e+01	1.680000e-08	
1.000000e+02	2.130000e-08	
1.200000e+02	2.580000e-08	
