# Units are Msun
# M_init	Ge64	Ge65	Ge66	Ge67	Ge68	Ge69	Ge70	Ge71	Ge72	Ge73	Ge74	Ge75	Ge76	Ge77	
8	0	0	0	0	0	0	0	0	0	0	0	0	0	0	
13	2.4e-33	1.7e-34	2.4e-06	6.2e-15	2.2e-08	6.1e-10	7.3e-07	1.1e-08	8.5e-07	2.3e-07	1.1e-06	3.7e-11	2.2e-07	1.3e-10	
15	2.4e-35	9.8e-45	1.0e-06	2.1e-15	7.8e-09	7.8e-10	1.0e-06	2.2e-08	1.1e-06	3.2e-07	1.3e-06	4.4e-11	2.4e-07	3.1e-11	
20	1.2e-33	1.1e-34	7.0e-07	1.6e-15	9.0e-09	1.9e-09	2.0e-06	1.4e-07	2.0e-06	5.8e-07	2.2e-06	1.6e-10	3.3e-07	1.0e-10	
25	1.6e-33	9.1e-35	6.2e-07	1.2e-15	1.4e-08	3.6e-09	4.3e-06	1.1e-07	3.5e-06	1.1e-06	3.6e-06	4.0e-10	4.5e-07	4.0e-10	
30	5.4e-34	4.6e-35	4.1e-07	7.3e-16	3.5e-08	8.5e-09	7.3e-06	1.7e-07	5.6e-06	1.6e-06	5.4e-06	8.9e-10	5.9e-07	9.1e-10	
40	2.7e-32	1.5e-33	1.2e-08	5.4e-17	3.3e-08	9.9e-09	1.4e-05	2.1e-06	1.1e-05	3.7e-06	1.0e-05	3.1e-09	9.4e-07	2.8e-09	
60	4.2e-33	1.8e-34	7.8e-14	1.1e-17	4.5e-08	1.2e-08	2.0e-05	3.2e-06	1.7e-05	5.2e-06	1.5e-05	5.7e-09	1.6e-06	7.7e-09	
80	3.1e-32	3.7e-34	5.9e-14	5.0e-18	4.4e-08	1.6e-08	3.1e-05	5.4e-06	3.1e-05	9.0e-06	2.8e-05	1.3e-08	2.1e-06	1.9e-08	
120	1.6e-32	1.6e-35	2.0e-14	1.4e-18	1.7e-08	7.0e-09	4.8e-05	6.8e-06	5.3e-05	1.4e-05	4.8e-05	1.7e-08	2.7e-06	1.4e-08	
