# Units are Msun
# M_init	ca40	ca42	ca43	ca44	ca46	
8	0	0	0	0	0	
9.000000e+00	6.852000e-04	4.227000e-06	1.057300e-06	1.603100e-05	3.365700e-08	
9.250000e+00	7.094000e-04	4.406000e-06	1.069200e-06	1.646100e-05	3.011600e-08	
9.500000e+00	8.309000e-04	5.017000e-06	1.221400e-06	1.919500e-05	8.318500e-08	
1.000000e+01	1.393200e-03	9.203000e-06	1.944900e-06	2.915100e-05	1.941000e-07	
1.025000e+01	1.523100e-03	9.762000e-06	2.104700e-06	3.244800e-05	1.980900e-07	
1.050000e+01	1.421900e-03	7.013000e-06	1.802900e-06	2.961900e-05	1.540300e-07	
1.075000e+01	1.882200e-03	8.476000e-06	2.173300e-06	3.722600e-05	2.120500e-07	
1.100000e+01	1.432300e-03	1.235600e-05	2.063500e-06	2.952900e-05	1.470500e-07	
1.125000e+01	1.455800e-03	7.581000e-06	1.838700e-06	3.031200e-05	1.702200e-07	
1.150000e+01	1.833300e-03	8.584000e-06	2.150000e-06	3.646000e-05	2.105100e-07	
1.175000e+01	1.399600e-03	7.798000e-06	1.845000e-06	2.995000e-05	2.072800e-07	
1.200000e+01	2.188400e-03	1.065000e-05	2.458000e-06	4.356000e-05	2.686900e-07	
1.225000e+01	3.253300e-03	1.388400e-05	3.295000e-06	5.977000e-05	5.839200e-07	
1.250000e+01	3.443600e-03	1.385600e-05	3.200000e-06	5.862000e-05	6.324100e-07	
1.275000e+01	3.356000e-03	1.327300e-05	3.124000e-06	5.748000e-05	5.895200e-07	
1.300000e+01	3.542000e-03	1.171700e-05	3.153000e-06	5.782000e-05	6.298200e-07	
1.310000e+01	3.526000e-03	1.301600e-05	3.165000e-06	5.566000e-05	3.984800e-07	
1.320000e+01	3.569000e-03	1.333200e-05	3.228000e-06	5.631000e-05	3.795900e-07	
1.330000e+01	3.564000e-03	1.319900e-05	3.211000e-06	5.580000e-05	3.923700e-07	
1.340000e+01	3.609000e-03	1.243400e-05	3.228000e-06	5.632000e-05	4.056100e-07	
1.350000e+01	3.703000e-03	1.306200e-05	3.364000e-06	5.871000e-05	4.307900e-07	
1.360000e+01	3.981000e-03	1.511800e-05	3.546000e-06	6.320000e-05	5.471700e-07	
1.370000e+01	3.890000e-03	1.520800e-05	3.504000e-06	6.167000e-05	5.171000e-07	
1.380000e+01	3.888000e-03	1.476800e-05	3.537000e-06	6.287000e-05	5.075100e-07	
1.390000e+01	3.837000e-03	1.468900e-05	3.500000e-06	6.190000e-05	5.099700e-07	
1.400000e+01	3.897000e-03	1.486100e-05	3.536000e-06	6.185000e-05	4.764600e-07	
1.410000e+01	4.034000e-03	1.461000e-05	3.576000e-06	6.231000e-05	5.097800e-07	
1.420000e+01	3.804000e-03	1.444300e-05	3.562000e-06	6.209000e-05	4.473400e-07	
1.430000e+01	3.959000e-03	1.517700e-05	3.569000e-06	6.200000e-05	4.815700e-07	
1.440000e+01	4.014000e-03	1.521000e-05	3.556000e-06	6.231000e-05	5.007800e-07	
1.450000e+01	3.994000e-03	1.635000e-05	3.426000e-06	6.029000e-05	3.947300e-07	
1.460000e+01	3.953000e-03	1.520000e-05	3.514000e-06	6.178000e-05	4.357300e-07	
1.470000e+01	4.015000e-03	1.658000e-05	3.402000e-06	5.907000e-05	3.752900e-07	
1.480000e+01	4.004000e-03	1.471000e-05	3.466000e-06	6.062000e-05	4.067900e-07	
1.490000e+01	3.923000e-03	1.620000e-05	3.485000e-06	6.029000e-05	3.937500e-07	
1.500000e+01	1.710000e-04	1.200000e-06	2.570000e-07	4.050000e-06	8.060000e-09	
1.510000e+01	1.550000e-04	1.080000e-06	2.320000e-07	3.670000e-06	7.290000e-09	
1.520000e+01	7.947000e-03	8.701000e-05	4.330000e-06	6.762000e-05	4.127900e-07	
1.530000e+01	1.550000e-04	1.090000e-06	2.330000e-07	3.680000e-06	7.330000e-09	
1.540000e+01	1.550000e-04	1.090000e-06	2.330000e-07	3.680000e-06	7.310000e-09	
1.550000e+01	1.590000e-04	1.110000e-06	2.380000e-07	3.760000e-06	7.470000e-09	
1.560000e+01	1.690000e-04	1.190000e-06	2.540000e-07	4.010000e-06	7.970000e-09	
1.570000e+01	7.459000e-03	8.786000e-05	4.429000e-06	6.845000e-05	4.254500e-07	
1.580000e+01	7.120000e-03	7.979000e-05	4.275000e-06	6.523000e-05	3.850200e-07	
1.590000e+01	1.670000e-04	1.170000e-06	2.500000e-07	3.950000e-06	7.860000e-09	
1.600000e+01	7.534000e-03	9.433000e-05	4.606000e-06	6.833000e-05	4.866000e-07	
1.610000e+01	7.478000e-03	8.688000e-05	4.603000e-06	7.329000e-05	4.259300e-07	
1.620000e+01	7.099000e-03	8.913000e-05	4.574000e-06	6.908000e-05	4.489100e-07	
1.630000e+01	7.754000e-03	9.482000e-05	4.621000e-06	7.022000e-05	4.302000e-07	
1.640000e+01	6.953000e-03	9.191000e-05	4.630000e-06	6.840000e-05	4.761600e-07	
1.650000e+01	7.319000e-03	9.726000e-05	4.709000e-06	6.854000e-05	4.894300e-07	
1.660000e+01	8.285000e-03	1.063700e-04	4.883000e-06	7.093000e-05	5.202000e-07	
1.670000e+01	8.408000e-03	1.093200e-04	4.962000e-06	7.095000e-05	5.658500e-07	
1.680000e+01	7.966000e-03	1.053100e-04	4.919000e-06	7.071000e-05	5.237700e-07	
1.690000e+01	7.929000e-03	1.073300e-04	4.974000e-06	7.019000e-05	5.529300e-07	
1.700000e+01	8.012000e-03	1.123500e-04	5.049000e-06	6.956000e-05	5.820700e-07	
1.710000e+01	7.935000e-03	1.093700e-04	5.063000e-06	7.053000e-05	5.822100e-07	
1.720000e+01	2.040000e-04	1.430000e-06	3.050000e-07	4.820000e-06	9.590000e-09	
1.730000e+01	4.209000e-03	2.849000e-05	4.698000e-06	6.761000e-05	6.323700e-07	
1.740000e+01	4.601000e-03	3.485000e-05	4.852000e-06	6.875000e-05	6.514000e-07	
1.750000e+01	4.999000e-03	4.546000e-05	4.933000e-06	6.855000e-05	6.138400e-07	
1.760000e+01	4.838000e-03	4.186000e-05	4.942000e-06	6.812000e-05	6.357900e-07	
1.770000e+01	2.170000e-04	1.520000e-06	3.260000e-07	5.150000e-06	1.020000e-08	
1.780000e+01	2.140000e-04	1.500000e-06	3.220000e-07	5.080000e-06	1.010000e-08	
1.790000e+01	4.785000e-03	2.181000e-05	5.023000e-06	7.830000e-05	7.761000e-07	
1.800000e+01	2.190000e-04	1.530000e-06	3.280000e-07	5.180000e-06	1.030000e-08	
1.810000e+01	4.657000e-03	2.242000e-05	5.095000e-06	7.793000e-05	7.922000e-07	
1.820000e+01	4.707000e-03	2.149000e-05	5.170000e-06	7.907000e-05	8.147000e-07	
1.830000e+01	4.674000e-03	2.177000e-05	5.157000e-06	7.712000e-05	8.276000e-07	
1.840000e+01	4.642000e-03	2.182000e-05	5.158000e-06	7.599000e-05	8.409000e-07	
1.850000e+01	3.344000e-03	2.078000e-05	5.581000e-06	7.022000e-05	8.520000e-07	
1.860000e+01	2.390000e-04	1.680000e-06	3.590000e-07	5.670000e-06	1.130000e-08	
1.870000e+01	2.430000e-04	1.710000e-06	3.650000e-07	5.770000e-06	1.150000e-08	
1.880000e+01	2.730000e-04	1.910000e-06	4.090000e-07	6.460000e-06	1.280000e-08	
1.890000e+01	2.750000e-04	1.930000e-06	4.130000e-07	6.520000e-06	1.300000e-08	
1.900000e+01	2.490000e-04	1.750000e-06	3.740000e-07	5.910000e-06	1.180000e-08	
1.910000e+01	2.510000e-04	1.760000e-06	3.770000e-07	5.960000e-06	1.190000e-08	
1.920000e+01	5.011000e-03	7.103000e-05	6.031000e-06	7.418000e-05	1.052300e-06	
1.930000e+01	7.039000e-03	8.318000e-05	6.563000e-06	7.986000e-05	8.197000e-07	
1.940000e+01	2.750000e-04	1.930000e-06	4.130000e-07	6.530000e-06	1.300000e-08	
1.950000e+01	2.730000e-04	1.920000e-06	4.100000e-07	6.480000e-06	1.290000e-08	
1.960000e+01	2.820000e-04	1.980000e-06	4.230000e-07	6.680000e-06	1.330000e-08	
1.970000e+01	2.218100e-02	8.759700e-04	5.632200e-05	1.326700e-04	2.112000e-07	
1.980000e+01	1.368200e-02	5.819800e-04	6.302300e-05	1.366800e-04	5.243000e-07	
1.990000e+01	2.880000e-04	2.020000e-06	4.330000e-07	6.830000e-06	1.360000e-08	
2.000000e+01	2.960000e-04	2.080000e-06	4.440000e-07	7.020000e-06	1.390000e-08	
2.010000e+01	1.021000e-02	2.191000e-04	1.125000e-05	8.370000e-05	6.481000e-07	
2.020000e+01	1.661100e-02	6.931800e-04	6.606700e-05	1.413800e-04	4.117000e-07	
2.030000e+01	1.960300e-02	3.711200e-04	1.305400e-05	9.667000e-05	2.903000e-07	
2.040000e+01	2.221800e-02	8.992300e-04	6.227800e-05	1.375500e-04	2.570000e-07	
2.050000e+01	1.791400e-02	5.722000e-04	6.327200e-05	1.264500e-04	4.848000e-07	
2.060000e+01	3.520000e-04	2.470000e-06	5.290000e-07	8.350000e-06	1.660000e-08	
2.070000e+01	3.390000e-04	2.380000e-06	5.090000e-07	8.050000e-06	1.600000e-08	
2.080000e+01	3.641000e-03	2.439000e-05	6.482000e-06	6.999000e-05	8.151000e-07	
2.090000e+01	3.330000e-04	2.340000e-06	5.000000e-07	7.890000e-06	1.570000e-08	
2.100000e+01	6.938000e-03	7.554000e-05	7.462000e-06	8.585000e-05	9.524000e-07	
2.110000e+01	6.491000e-03	7.006000e-05	7.356000e-06	8.391000e-05	1.026500e-06	
2.120000e+01	4.074000e-03	2.572000e-05	6.397000e-06	7.286000e-05	1.066200e-06	
2.130000e+01	3.560000e-04	2.500000e-06	5.350000e-07	8.440000e-06	1.680000e-08	
2.140000e+01	3.740000e-04	2.620000e-06	5.600000e-07	8.850000e-06	1.760000e-08	
2.150000e+01	1.128900e-02	1.707300e-04	8.044000e-06	8.562000e-05	1.518300e-06	
2.160000e+01	9.406000e-03	1.486400e-04	7.754000e-06	8.001000e-05	1.537700e-06	
2.170000e+01	3.790000e-04	2.660000e-06	5.680000e-07	8.980000e-06	1.790000e-08	
2.180000e+01	3.900000e-04	2.730000e-06	5.850000e-07	9.240000e-06	1.840000e-08	
2.190000e+01	3.840000e-04	2.690000e-06	5.770000e-07	9.110000e-06	1.810000e-08	
2.200000e+01	4.120000e-04	2.890000e-06	6.190000e-07	9.770000e-06	1.940000e-08	
2.210000e+01	4.140000e-04	2.900000e-06	6.210000e-07	9.810000e-06	1.950000e-08	
2.220000e+01	4.050000e-04	2.840000e-06	6.080000e-07	9.600000e-06	1.910000e-08	
2.230000e+01	4.230000e-04	2.970000e-06	6.350000e-07	1.000000e-05	1.990000e-08	
2.240000e+01	4.290000e-04	3.010000e-06	6.440000e-07	1.020000e-05	2.020000e-08	
2.250000e+01	4.380000e-04	3.070000e-06	6.570000e-07	1.040000e-05	2.060000e-08	
2.260000e+01	4.360000e-04	3.060000e-06	6.540000e-07	1.030000e-05	2.050000e-08	
2.270000e+01	4.500000e-04	3.160000e-06	6.760000e-07	1.070000e-05	2.120000e-08	
2.280000e+01	4.660000e-04	3.270000e-06	7.000000e-07	1.100000e-05	2.200000e-08	
2.290000e+01	4.610000e-04	3.230000e-06	6.920000e-07	1.090000e-05	2.170000e-08	
2.300000e+01	4.660000e-04	3.270000e-06	6.990000e-07	1.100000e-05	2.200000e-08	
2.310000e+01	4.730000e-04	3.320000e-06	7.100000e-07	1.120000e-05	2.230000e-08	
2.320000e+01	4.820000e-04	3.380000e-06	7.230000e-07	1.140000e-05	2.270000e-08	
2.330000e+01	4.830000e-04	3.380000e-06	7.240000e-07	1.140000e-05	2.270000e-08	
2.340000e+01	4.940000e-04	3.460000e-06	7.410000e-07	1.170000e-05	2.330000e-08	
2.350000e+01	4.950000e-04	3.470000e-06	7.420000e-07	1.170000e-05	2.330000e-08	
2.360000e+01	5.330000e-04	3.730000e-06	7.990000e-07	1.260000e-05	2.510000e-08	
2.370000e+01	5.300000e-04	3.710000e-06	7.950000e-07	1.260000e-05	2.500000e-08	
2.380000e+01	5.520000e-04	3.870000e-06	8.290000e-07	1.310000e-05	2.600000e-08	
2.390000e+01	5.310000e-04	3.720000e-06	7.960000e-07	1.260000e-05	2.500000e-08	
2.400000e+01	5.660000e-04	3.970000e-06	8.490000e-07	1.340000e-05	2.670000e-08	
2.410000e+01	5.520000e-04	3.870000e-06	8.280000e-07	1.310000e-05	2.600000e-08	
2.420000e+01	6.390000e-04	4.480000e-06	9.590000e-07	1.520000e-05	3.010000e-08	
2.430000e+01	5.660000e-04	3.970000e-06	8.500000e-07	1.340000e-05	2.670000e-08	
2.440000e+01	6.000000e-04	4.210000e-06	9.010000e-07	1.420000e-05	2.830000e-08	
2.450000e+01	6.070000e-04	4.260000e-06	9.110000e-07	1.440000e-05	2.860000e-08	
2.460000e+01	6.160000e-04	4.320000e-06	9.240000e-07	1.460000e-05	2.900000e-08	
2.470000e+01	6.390000e-04	4.480000e-06	9.590000e-07	1.510000e-05	3.010000e-08	
2.480000e+01	6.120000e-04	4.290000e-06	9.190000e-07	1.450000e-05	2.890000e-08	
2.490000e+01	6.260000e-04	4.390000e-06	9.390000e-07	1.480000e-05	2.950000e-08	
2.500000e+01	6.530000e-04	4.580000e-06	9.790000e-07	1.550000e-05	3.080000e-08	
2.510000e+01	6.610000e-04	4.640000e-06	9.920000e-07	1.570000e-05	3.120000e-08	
2.520000e+01	1.342200e-02	6.430600e-04	3.208000e-05	1.171000e-04	4.670000e-07	
2.530000e+01	6.440000e-04	4.520000e-06	9.670000e-07	1.530000e-05	3.040000e-08	
2.540000e+01	1.239700e-02	5.538900e-04	2.815000e-05	1.050000e-04	6.879000e-07	
2.550000e+01	1.351700e-02	6.390300e-04	3.188000e-05	1.180000e-04	7.338000e-07	
2.560000e+01	1.016300e-02	2.460000e-04	4.307000e-05	1.319000e-04	9.596000e-07	
2.570000e+01	1.240100e-02	5.609200e-04	7.275000e-05	1.626000e-04	9.570000e-07	
2.580000e+01	1.380200e-02	7.449200e-04	8.205000e-05	1.656000e-04	9.151000e-07	
2.590000e+01	1.944400e-02	9.242200e-04	3.072000e-05	1.206000e-04	5.121000e-07	
2.600000e+01	1.785100e-02	6.282700e-04	2.363000e-05	1.238000e-04	6.004000e-07	
2.610000e+01	1.605800e-02	5.363100e-04	2.124000e-05	1.132000e-04	6.347000e-07	
2.620000e+01	1.587000e-02	5.154000e-04	2.096000e-05	1.146000e-04	6.333000e-07	
2.630000e+01	1.298600e-02	3.195100e-04	1.658000e-05	1.121000e-04	7.260000e-07	
2.640000e+01	1.250300e-02	2.756300e-04	1.570000e-05	1.142000e-04	7.528000e-07	
2.650000e+01	1.277600e-02	2.854400e-04	1.607000e-05	1.146000e-04	7.426000e-07	
2.660000e+01	8.050000e-04	5.640000e-06	1.210000e-06	1.910000e-05	3.790000e-08	
2.670000e+01	8.290000e-04	5.810000e-06	1.240000e-06	1.960000e-05	3.910000e-08	
2.680000e+01	8.220000e-04	5.770000e-06	1.230000e-06	1.950000e-05	3.870000e-08	
2.690000e+01	8.170000e-04	5.730000e-06	1.220000e-06	1.940000e-05	3.850000e-08	
2.700000e+01	1.018700e-02	1.858000e-04	1.284000e-05	1.068000e-04	9.660000e-07	
2.710000e+01	1.011300e-02	1.869800e-04	1.288000e-05	1.090000e-04	1.035200e-06	
2.720000e+01	1.135000e-02	1.999600e-04	1.298000e-05	1.073000e-04	9.790000e-07	
2.730000e+01	1.035200e-02	1.691200e-04	1.261000e-05	1.055000e-04	1.041100e-06	
2.740000e+01	8.830000e-04	6.190000e-06	1.330000e-06	2.090000e-05	4.160000e-08	
2.750000e+01	8.910000e-04	6.250000e-06	1.340000e-06	2.110000e-05	4.200000e-08	
2.760000e+01	9.080000e-04	6.370000e-06	1.360000e-06	2.150000e-05	4.280000e-08	
2.770000e+01	9.180000e-04	6.440000e-06	1.380000e-06	2.180000e-05	4.330000e-08	
2.780000e+01	9.240000e-04	6.480000e-06	1.390000e-06	2.190000e-05	4.350000e-08	
2.790000e+01	9.080000e-04	6.370000e-06	1.360000e-06	2.150000e-05	4.280000e-08	
2.800000e+01	9.180000e-04	6.440000e-06	1.380000e-06	2.180000e-05	4.330000e-08	
2.810000e+01	9.520000e-04	6.680000e-06	1.430000e-06	2.260000e-05	4.490000e-08	
2.820000e+01	9.720000e-04	6.820000e-06	1.460000e-06	2.310000e-05	4.580000e-08	
2.830000e+01	9.820000e-04	6.890000e-06	1.470000e-06	2.330000e-05	4.630000e-08	
2.840000e+01	1.010000e-03	7.080000e-06	1.520000e-06	2.390000e-05	4.760000e-08	
2.850000e+01	9.930000e-04	6.960000e-06	1.490000e-06	2.350000e-05	4.680000e-08	
2.860000e+01	1.020000e-03	7.150000e-06	1.530000e-06	2.420000e-05	4.800000e-08	
2.870000e+01	1.020000e-03	7.170000e-06	1.530000e-06	2.420000e-05	4.820000e-08	
2.880000e+01	1.020000e-03	7.180000e-06	1.540000e-06	2.430000e-05	4.820000e-08	
2.890000e+01	1.040000e-03	7.310000e-06	1.560000e-06	2.470000e-05	4.910000e-08	
2.900000e+01	9.920000e-04	6.960000e-06	1.490000e-06	2.350000e-05	4.670000e-08	
2.910000e+01	1.060000e-03	7.420000e-06	1.590000e-06	2.510000e-05	4.980000e-08	
2.920000e+01	1.040000e-03	7.300000e-06	1.560000e-06	2.470000e-05	4.900000e-08	
2.930000e+01	1.080000e-03	7.560000e-06	1.620000e-06	2.560000e-05	5.080000e-08	
2.940000e+01	1.100000e-03	7.690000e-06	1.640000e-06	2.600000e-05	5.170000e-08	
2.950000e+01	1.130000e-03	7.910000e-06	1.690000e-06	2.670000e-05	5.320000e-08	
2.960000e+01	1.110000e-03	7.750000e-06	1.660000e-06	2.620000e-05	5.210000e-08	
2.970000e+01	1.110000e-03	7.790000e-06	1.670000e-06	2.630000e-05	5.240000e-08	
2.980000e+01	1.140000e-03	8.000000e-06	1.710000e-06	2.700000e-05	5.380000e-08	
2.990000e+01	1.140000e-03	8.010000e-06	1.710000e-06	2.710000e-05	5.380000e-08	
3.000000e+01	1.150000e-03	8.100000e-06	1.730000e-06	2.740000e-05	5.440000e-08	
3.100000e+01	1.240000e-03	8.680000e-06	1.860000e-06	2.930000e-05	5.840000e-08	
3.200000e+01	1.330000e-03	9.290000e-06	1.990000e-06	3.140000e-05	6.240000e-08	
3.300000e+01	1.410000e-03	9.880000e-06	2.120000e-06	3.340000e-05	6.640000e-08	
3.500000e+01	1.520000e-03	1.070000e-05	2.280000e-06	3.610000e-05	7.170000e-08	
4.000000e+01	1.760000e-03	1.230000e-05	2.640000e-06	4.170000e-05	8.290000e-08	
4.500000e+01	2.200000e-03	2.320000e-05	5.250000e-06	5.610000e-05	1.050000e-07	
5.000000e+01	2.740000e-03	3.360000e-05	6.790000e-06	6.760000e-05	1.310000e-07	
5.500000e+01	3.120000e-03	3.750000e-05	7.350000e-06	7.620000e-05	1.480000e-07	
6.000000e+01	1.428000e-02	2.211000e-04	1.443000e-05	1.454000e-04	2.854000e-06	
7.000000e+01	4.460000e-03	3.670000e-05	7.310000e-06	1.060000e-04	2.110000e-07	
8.000000e+01	5.170000e-03	4.230000e-05	8.440000e-06	1.230000e-04	2.440000e-07	
1.000000e+02	6.600000e-03	5.280000e-05	1.060000e-05	1.570000e-04	3.120000e-07	
1.200000e+02	1.148000e-02	8.470000e-05	1.822000e-05	2.360000e-04	8.810000e-07	
