# Units are Msun
# M_init	ga69	ga71	
8	0	0	
9.000000e+00	4.791000e-07	3.106000e-07	
9.250000e+00	4.949000e-07	3.371200e-07	
9.500000e+00	7.108000e-07	4.557400e-07	
1.000000e+01	1.764200e-06	7.737100e-07	
1.025000e+01	2.144100e-06	8.556600e-07	
1.050000e+01	1.163400e-06	6.761500e-07	
1.075000e+01	1.523600e-06	7.912700e-07	
1.100000e+01	1.093600e-06	6.863200e-07	
1.125000e+01	1.265800e-06	8.118000e-07	
1.150000e+01	1.432600e-06	8.583000e-07	
1.175000e+01	1.502600e-06	9.511000e-07	
1.200000e+01	2.227900e-06	1.462800e-06	
1.225000e+01	2.640900e-06	2.144800e-06	
1.250000e+01	2.787200e-06	2.179100e-06	
1.275000e+01	3.038700e-06	2.340100e-06	
1.300000e+01	3.162500e-06	2.412700e-06	
1.310000e+01	2.021100e-06	1.568600e-06	
1.320000e+01	1.962500e-06	1.439500e-06	
1.330000e+01	1.959700e-06	1.437600e-06	
1.340000e+01	1.952700e-06	1.389700e-06	
1.350000e+01	2.095200e-06	1.531400e-06	
1.360000e+01	2.330000e-06	1.824700e-06	
1.370000e+01	2.399200e-06	1.824100e-06	
1.380000e+01	2.464400e-06	1.887700e-06	
1.390000e+01	2.267500e-06	1.603000e-06	
1.400000e+01	1.720000e-06	1.190000e-06	
1.410000e+01	2.627900e-06	2.000100e-06	
1.420000e+01	2.382200e-06	1.726200e-06	
1.430000e+01	2.615200e-06	1.918200e-06	
1.440000e+01	2.718000e-06	2.010100e-06	
1.450000e+01	2.760000e-06	1.838600e-06	
1.460000e+01	2.607300e-06	1.789700e-06	
1.470000e+01	2.764600e-06	1.754700e-06	
1.480000e+01	2.538200e-06	1.750300e-06	
1.490000e+01	2.607500e-06	1.759800e-06	
1.500000e+01	1.050000e-07	7.150000e-08	
1.510000e+01	9.450000e-08	6.460000e-08	
1.520000e+01	3.314000e-06	2.028000e-06	
1.530000e+01	9.510000e-08	6.500000e-08	
1.540000e+01	9.490000e-08	6.480000e-08	
1.550000e+01	9.690000e-08	6.620000e-08	
1.560000e+01	1.030000e-07	7.070000e-08	
1.570000e+01	3.420000e-06	2.064900e-06	
1.580000e+01	3.364000e-06	2.001100e-06	
1.590000e+01	1.020000e-07	6.970000e-08	
1.600000e+01	3.795000e-06	2.245100e-06	
1.610000e+01	3.813000e-06	2.300300e-06	
1.620000e+01	3.786000e-06	2.269000e-06	
1.630000e+01	3.676000e-06	2.192700e-06	
1.640000e+01	3.796000e-06	2.232300e-06	
1.650000e+01	3.839000e-06	2.214800e-06	
1.660000e+01	4.199000e-06	2.431600e-06	
1.670000e+01	4.175000e-06	2.348500e-06	
1.680000e+01	4.184000e-06	2.397800e-06	
1.690000e+01	4.336000e-06	2.429200e-06	
1.700000e+01	4.508000e-06	2.450500e-06	
1.710000e+01	4.610000e-06	2.531700e-06	
1.720000e+01	1.240000e-07	8.500000e-08	
1.730000e+01	5.901000e-06	4.083100e-06	
1.740000e+01	6.375000e-06	4.422500e-06	
1.750000e+01	6.558000e-06	4.287300e-06	
1.760000e+01	6.597000e-06	4.396800e-06	
1.770000e+01	1.330000e-07	9.080000e-08	
1.780000e+01	1.310000e-07	8.960000e-08	
1.790000e+01	4.802000e-06	5.800000e-06	
1.800000e+01	1.340000e-07	9.140000e-08	
1.810000e+01	5.142000e-06	5.790500e-06	
1.820000e+01	5.329000e-06	6.324700e-06	
1.830000e+01	5.647000e-06	6.143700e-06	
1.840000e+01	5.792000e-06	6.266900e-06	
1.850000e+01	9.115000e-06	7.326000e-06	
1.860000e+01	1.460000e-07	1.000000e-07	
1.870000e+01	1.490000e-07	1.020000e-07	
1.880000e+01	1.670000e-07	1.140000e-07	
1.890000e+01	1.680000e-07	1.150000e-07	
1.900000e+01	1.520000e-07	1.040000e-07	
1.910000e+01	1.540000e-07	1.050000e-07	
1.920000e+01	9.999000e-06	6.089000e-06	
1.930000e+01	1.086400e-05	7.182000e-06	
1.940000e+01	1.690000e-07	1.150000e-07	
1.950000e+01	1.670000e-07	1.140000e-07	
1.960000e+01	1.720000e-07	1.180000e-07	
1.970000e+01	8.972000e-06	4.958000e-06	
1.980000e+01	6.592000e-06	5.628000e-06	
1.990000e+01	1.760000e-07	1.210000e-07	
2.000000e+01	1.810000e-07	1.240000e-07	
2.010000e+01	9.333000e-06	5.395000e-06	
2.020000e+01	8.270000e-06	6.010000e-06	
2.030000e+01	9.195000e-06	4.937000e-06	
2.040000e+01	1.039500e-05	6.183000e-06	
2.050000e+01	8.752000e-06	9.691000e-06	
2.060000e+01	2.150000e-07	1.470000e-07	
2.070000e+01	2.070000e-07	1.420000e-07	
2.080000e+01	1.590900e-05	1.124300e-05	
2.090000e+01	2.040000e-07	1.390000e-07	
2.100000e+01	1.671300e-05	1.124500e-05	
2.110000e+01	1.711400e-05	1.134700e-05	
2.120000e+01	1.601100e-05	1.084400e-05	
2.130000e+01	2.180000e-07	1.490000e-07	
2.140000e+01	2.280000e-07	1.560000e-07	
2.150000e+01	1.693800e-05	9.823000e-06	
2.160000e+01	1.713000e-05	9.897000e-06	
2.170000e+01	2.320000e-07	1.580000e-07	
2.180000e+01	2.380000e-07	1.630000e-07	
2.190000e+01	2.350000e-07	1.610000e-07	
2.200000e+01	2.520000e-07	1.720000e-07	
2.210000e+01	2.530000e-07	1.730000e-07	
2.220000e+01	2.480000e-07	1.690000e-07	
2.230000e+01	2.590000e-07	1.770000e-07	
2.240000e+01	2.620000e-07	1.790000e-07	
2.250000e+01	2.680000e-07	1.830000e-07	
2.260000e+01	2.670000e-07	1.820000e-07	
2.270000e+01	2.750000e-07	1.880000e-07	
2.280000e+01	2.850000e-07	1.950000e-07	
2.290000e+01	2.820000e-07	1.930000e-07	
2.300000e+01	2.850000e-07	1.950000e-07	
2.310000e+01	2.890000e-07	1.980000e-07	
2.320000e+01	2.950000e-07	2.010000e-07	
2.330000e+01	2.950000e-07	2.020000e-07	
2.340000e+01	3.020000e-07	2.060000e-07	
2.350000e+01	3.030000e-07	2.070000e-07	
2.360000e+01	3.260000e-07	2.230000e-07	
2.370000e+01	3.240000e-07	2.210000e-07	
2.380000e+01	3.380000e-07	2.310000e-07	
2.390000e+01	3.240000e-07	2.220000e-07	
2.400000e+01	3.460000e-07	2.370000e-07	
2.410000e+01	3.370000e-07	2.310000e-07	
2.420000e+01	3.910000e-07	2.670000e-07	
2.430000e+01	3.460000e-07	2.370000e-07	
2.440000e+01	3.670000e-07	2.510000e-07	
2.450000e+01	3.710000e-07	2.540000e-07	
2.460000e+01	3.770000e-07	2.570000e-07	
2.470000e+01	3.910000e-07	2.670000e-07	
2.480000e+01	3.740000e-07	2.560000e-07	
2.490000e+01	3.830000e-07	2.620000e-07	
2.500000e+01	3.990000e-07	2.730000e-07	
2.510000e+01	4.040000e-07	2.760000e-07	
2.520000e+01	2.214100e-05	1.280200e-05	
2.530000e+01	3.940000e-07	2.690000e-07	
2.540000e+01	2.182600e-05	1.359100e-05	
2.550000e+01	2.283900e-05	1.350000e-05	
2.560000e+01	1.983600e-05	2.789800e-05	
2.570000e+01	2.362900e-05	2.699300e-05	
2.580000e+01	2.452900e-05	2.379300e-05	
2.590000e+01	2.235500e-05	1.511100e-05	
2.600000e+01	2.456000e-05	1.691400e-05	
2.610000e+01	2.546300e-05	1.761700e-05	
2.620000e+01	2.597100e-05	1.792200e-05	
2.630000e+01	2.808100e-05	1.942900e-05	
2.640000e+01	2.919100e-05	2.023500e-05	
2.650000e+01	2.917500e-05	2.022400e-05	
2.660000e+01	4.920000e-07	3.360000e-07	
2.670000e+01	5.070000e-07	3.460000e-07	
2.680000e+01	5.030000e-07	3.440000e-07	
2.690000e+01	4.990000e-07	3.410000e-07	
2.700000e+01	3.380600e-05	2.394600e-05	
2.710000e+01	3.432200e-05	2.435700e-05	
2.720000e+01	3.442000e-05	2.425500e-05	
2.730000e+01	3.563300e-05	2.516500e-05	
2.740000e+01	5.400000e-07	3.690000e-07	
2.750000e+01	5.450000e-07	3.720000e-07	
2.760000e+01	5.560000e-07	3.800000e-07	
2.770000e+01	5.610000e-07	3.840000e-07	
2.780000e+01	5.650000e-07	3.860000e-07	
2.790000e+01	5.550000e-07	3.790000e-07	
2.800000e+01	5.620000e-07	3.840000e-07	
2.810000e+01	5.820000e-07	3.980000e-07	
2.820000e+01	5.950000e-07	4.060000e-07	
2.830000e+01	6.000000e-07	4.100000e-07	
2.840000e+01	6.180000e-07	4.220000e-07	
2.850000e+01	6.070000e-07	4.150000e-07	
2.860000e+01	6.230000e-07	4.260000e-07	
2.870000e+01	6.250000e-07	4.270000e-07	
2.880000e+01	6.260000e-07	4.280000e-07	
2.890000e+01	6.370000e-07	4.350000e-07	
2.900000e+01	6.070000e-07	4.150000e-07	
2.910000e+01	6.470000e-07	4.420000e-07	
2.920000e+01	6.360000e-07	4.350000e-07	
2.930000e+01	6.590000e-07	4.510000e-07	
2.940000e+01	6.700000e-07	4.580000e-07	
2.950000e+01	6.900000e-07	4.720000e-07	
2.960000e+01	6.760000e-07	4.620000e-07	
2.970000e+01	6.800000e-07	4.650000e-07	
2.980000e+01	6.970000e-07	4.770000e-07	
2.990000e+01	6.980000e-07	4.770000e-07	
3.000000e+01	7.060000e-07	4.830000e-07	
3.100000e+01	7.570000e-07	5.180000e-07	
3.200000e+01	8.100000e-07	5.540000e-07	
3.300000e+01	8.620000e-07	5.890000e-07	
3.500000e+01	9.300000e-07	6.360000e-07	
4.000000e+01	1.080000e-06	7.350000e-07	
4.500000e+01	2.400000e-06	1.700000e-06	
5.000000e+01	2.270000e-06	1.660000e-06	
5.500000e+01	2.530000e-06	1.840000e-06	
6.000000e+01	3.538000e-05	2.230000e-05	
7.000000e+01	3.030000e-06	2.080000e-06	
8.000000e+01	3.510000e-06	2.410000e-06	
1.000000e+02	4.440000e-06	3.040000e-06	
1.200000e+02	1.649000e-05	1.310000e-05	
