# Units are Msun
# M_init	gd154	gd155	gd156	gd157	gd158	gd160	
8	0	0	0	0	0	0	
9.000000e+00	3.327500e-10	1.626500e-09	2.409300e-09	1.780800e-09	3.007300e-09	2.546700e-09	
9.250000e+00	3.433600e-10	1.660400e-09	2.484800e-09	1.825000e-09	3.094000e-09	2.612600e-09	
9.500000e+00	3.491000e-10	1.725000e-09	2.561200e-09	1.879900e-09	3.182000e-09	2.699600e-09	
1.000000e+01	3.622000e-10	1.822200e-09	2.711000e-09	1.977700e-09	3.344000e-09	2.841000e-09	
1.025000e+01	3.581000e-10	1.861900e-09	2.751000e-09	2.027300e-09	3.414000e-09	2.920000e-09	
1.050000e+01	3.675000e-10	1.898100e-09	2.795500e-09	2.063200e-09	3.487000e-09	2.994000e-09	
1.075000e+01	3.717000e-10	1.939000e-09	2.866700e-09	2.114200e-09	3.559000e-09	3.066000e-09	
1.100000e+01	3.837000e-10	1.979300e-09	2.907300e-09	2.154600e-09	3.649000e-09	3.126000e-09	
1.125000e+01	3.894000e-10	2.030200e-09	2.973000e-09	2.206300e-09	3.738000e-09	3.223000e-09	
1.150000e+01	3.988000e-10	2.096000e-09	3.073000e-09	2.278000e-09	3.825000e-09	3.314000e-09	
1.175000e+01	4.107000e-10	2.106000e-09	3.094000e-09	2.293000e-09	3.903000e-09	3.362000e-09	
1.200000e+01	4.249000e-10	2.164000e-09	3.202000e-09	2.352000e-09	4.000000e-09	3.384000e-09	
1.225000e+01	4.162000e-10	2.239000e-09	3.343000e-09	2.429000e-09	4.066000e-09	3.487000e-09	
1.250000e+01	4.232000e-10	2.281000e-09	3.398000e-09	2.473000e-09	4.141000e-09	3.546000e-09	
1.275000e+01	4.323000e-10	2.319000e-09	3.449000e-09	2.501000e-09	4.194000e-09	3.598000e-09	
1.300000e+01	4.383000e-10	2.358000e-09	3.506000e-09	2.552000e-09	4.257000e-09	3.657000e-09	
1.310000e+01	4.252000e-10	2.354000e-09	3.446000e-09	2.520000e-09	4.282000e-09	3.635000e-09	
1.320000e+01	4.272000e-10	2.371000e-09	3.466000e-09	2.537000e-09	4.304000e-09	3.655000e-09	
1.330000e+01	4.311000e-10	2.396000e-09	3.505000e-09	2.572000e-09	4.339000e-09	3.693000e-09	
1.340000e+01	4.324000e-10	2.412000e-09	3.527000e-09	2.579000e-09	4.366000e-09	3.717000e-09	
1.350000e+01	4.342000e-10	2.425000e-09	3.555000e-09	2.592000e-09	4.387000e-09	3.736000e-09	
1.360000e+01	4.338000e-10	2.459000e-09	3.619000e-09	2.629000e-09	4.409000e-09	3.784000e-09	
1.370000e+01	4.372000e-10	2.465000e-09	3.633000e-09	2.644000e-09	4.452000e-09	3.797000e-09	
1.380000e+01	4.411000e-10	2.472000e-09	3.640000e-09	2.653000e-09	4.478000e-09	3.798000e-09	
1.390000e+01	4.429000e-10	2.506000e-09	3.681000e-09	2.685000e-09	4.517000e-09	3.864000e-09	
1.400000e+01	4.508000e-10	2.520000e-09	3.685000e-09	2.692000e-09	4.558000e-09	3.856000e-09	
1.410000e+01	4.508000e-10	2.520000e-09	3.685000e-09	2.692000e-09	4.558000e-09	3.856000e-09	
1.420000e+01	4.555000e-10	2.531000e-09	3.695000e-09	2.711000e-09	4.589000e-09	3.891000e-09	
1.430000e+01	4.577000e-10	2.556000e-09	3.726000e-09	2.727000e-09	4.625000e-09	3.915000e-09	
1.440000e+01	4.598000e-10	2.570000e-09	3.745000e-09	2.742000e-09	4.659000e-09	3.946000e-09	
1.450000e+01	4.710000e-10	2.543000e-09	3.713000e-09	2.740000e-09	4.686000e-09	3.922000e-09	
1.460000e+01	4.793000e-10	2.587000e-09	3.781000e-09	2.788000e-09	4.733000e-09	3.981000e-09	
1.470000e+01	4.798000e-10	2.574000e-09	3.763000e-09	2.779000e-09	4.757000e-09	3.988000e-09	
1.480000e+01	4.889000e-10	2.601000e-09	3.797000e-09	2.803000e-09	4.790000e-09	4.007000e-09	
1.490000e+01	4.854000e-10	2.618000e-09	3.822000e-09	2.820000e-09	4.815000e-09	4.032000e-09	
1.500000e+01	7.820000e-11	5.350000e-10	7.430000e-10	5.730000e-10	9.140000e-10	8.150000e-10	
1.510000e+01	7.070000e-11	4.840000e-10	6.720000e-10	5.180000e-10	8.260000e-10	7.370000e-10	
1.520000e+01	5.133000e-10	2.614000e-09	3.841000e-09	2.865000e-09	4.957000e-09	4.100000e-09	
1.530000e+01	7.110000e-11	4.860000e-10	6.760000e-10	5.210000e-10	8.310000e-10	7.410000e-10	
1.540000e+01	7.090000e-11	4.850000e-10	6.740000e-10	5.200000e-10	8.290000e-10	7.400000e-10	
1.550000e+01	7.250000e-11	4.960000e-10	6.890000e-10	5.310000e-10	8.470000e-10	7.560000e-10	
1.560000e+01	7.730000e-11	5.290000e-10	7.350000e-10	5.670000e-10	9.040000e-10	8.060000e-10	
1.570000e+01	5.070000e-10	2.711000e-09	3.960000e-09	2.961000e-09	5.128000e-09	4.225000e-09	
1.580000e+01	5.028000e-10	2.732000e-09	4.000000e-09	2.981000e-09	5.180000e-09	4.232000e-09	
1.590000e+01	7.620000e-11	5.220000e-10	7.250000e-10	5.590000e-10	8.910000e-10	7.950000e-10	
1.600000e+01	5.021000e-10	2.737000e-09	4.016000e-09	3.003000e-09	5.240000e-09	4.271000e-09	
1.610000e+01	5.020000e-10	2.786000e-09	4.042000e-09	3.034000e-09	5.249000e-09	4.332000e-09	
1.620000e+01	5.084000e-10	2.781000e-09	4.062000e-09	3.044000e-09	5.290000e-09	4.321000e-09	
1.630000e+01	5.125000e-10	2.804000e-09	4.086000e-09	3.063000e-09	5.310000e-09	4.360000e-09	
1.640000e+01	5.141000e-10	2.811000e-09	4.123000e-09	3.080000e-09	5.365000e-09	4.385000e-09	
1.650000e+01	5.178000e-10	2.830000e-09	4.138000e-09	3.100000e-09	5.396000e-09	4.413000e-09	
1.660000e+01	5.213000e-10	2.841000e-09	4.159000e-09	3.104000e-09	5.410000e-09	4.431000e-09	
1.670000e+01	5.209000e-10	2.867000e-09	4.187000e-09	3.130000e-09	5.450000e-09	4.476000e-09	
1.680000e+01	5.251000e-10	2.872000e-09	4.199000e-09	3.144000e-09	5.475000e-09	4.478000e-09	
1.690000e+01	5.266000e-10	2.893000e-09	4.224000e-09	3.165000e-09	5.510000e-09	4.514000e-09	
1.700000e+01	5.290000e-10	2.912000e-09	4.247000e-09	3.185000e-09	5.530000e-09	4.548000e-09	
1.710000e+01	5.243000e-10	2.931000e-09	4.259000e-09	3.195000e-09	5.560000e-09	4.561000e-09	
1.720000e+01	9.300000e-11	6.360000e-10	8.850000e-10	6.820000e-10	1.090000e-09	9.700000e-10	
1.730000e+01	5.379000e-10	2.982000e-09	4.344000e-09	3.206000e-09	5.860000e-09	4.548000e-09	
1.740000e+01	5.390000e-10	2.992000e-09	4.352000e-09	3.212000e-09	5.870000e-09	4.550000e-09	
1.750000e+01	5.465000e-10	3.013000e-09	4.388000e-09	3.240000e-09	5.920000e-09	4.606000e-09	
1.760000e+01	5.510000e-10	3.029000e-09	4.403000e-09	3.256000e-09	5.940000e-09	4.630000e-09	
1.770000e+01	9.930000e-11	6.800000e-10	9.450000e-10	7.280000e-10	1.160000e-09	1.040000e-09	
1.780000e+01	9.800000e-11	6.710000e-10	9.320000e-10	7.190000e-10	1.150000e-09	1.020000e-09	
1.790000e+01	5.624000e-10	3.063000e-09	4.536000e-09	3.292000e-09	5.780000e-09	4.690000e-09	
1.800000e+01	9.990000e-11	6.840000e-10	9.500000e-10	7.330000e-10	1.170000e-09	1.040000e-09	
1.810000e+01	5.670000e-10	3.097000e-09	4.581000e-09	3.346000e-09	5.910000e-09	4.690000e-09	
1.820000e+01	5.740000e-10	3.109000e-09	4.615000e-09	3.350000e-09	5.910000e-09	4.740000e-09	
1.830000e+01	5.630000e-10	3.132000e-09	4.625000e-09	3.372000e-09	6.000000e-09	4.720000e-09	
1.840000e+01	5.690000e-10	3.145000e-09	4.650000e-09	3.387000e-09	6.030000e-09	4.750000e-09	
1.850000e+01	6.080000e-10	3.174000e-09	4.630000e-09	3.371000e-09	6.360000e-09	4.790000e-09	
1.860000e+01	1.090000e-10	7.480000e-10	1.040000e-09	8.020000e-10	1.280000e-09	1.140000e-09	
1.870000e+01	1.110000e-10	7.610000e-10	1.060000e-09	8.160000e-10	1.300000e-09	1.160000e-09	
1.880000e+01	1.250000e-10	8.530000e-10	1.190000e-09	9.140000e-10	1.460000e-09	1.300000e-09	
1.890000e+01	1.260000e-10	8.610000e-10	1.200000e-09	9.220000e-10	1.470000e-09	1.310000e-09	
1.900000e+01	1.140000e-10	7.800000e-10	1.090000e-09	8.360000e-10	1.330000e-09	1.190000e-09	
1.910000e+01	1.150000e-10	7.860000e-10	1.090000e-09	8.430000e-10	1.340000e-09	1.200000e-09	
1.920000e+01	5.970000e-10	3.325000e-09	4.780000e-09	3.654000e-09	6.330000e-09	5.190000e-09	
1.930000e+01	6.270000e-10	3.340000e-09	4.810000e-09	3.620000e-09	6.470000e-09	5.140000e-09	
1.940000e+01	1.260000e-10	8.620000e-10	1.200000e-09	9.240000e-10	1.470000e-09	1.310000e-09	
1.950000e+01	1.250000e-10	8.540000e-10	1.190000e-09	9.160000e-10	1.460000e-09	1.300000e-09	
1.960000e+01	1.290000e-10	8.810000e-10	1.230000e-09	9.440000e-10	1.510000e-09	1.340000e-09	
1.970000e+01	6.840000e-10	3.250000e-09	4.810000e-09	3.633000e-09	6.060000e-09	5.000000e-09	
1.980000e+01	6.880000e-10	3.291000e-09	4.820000e-09	3.634000e-09	6.070000e-09	5.080000e-09	
1.990000e+01	1.320000e-10	9.020000e-10	1.250000e-09	9.670000e-10	1.540000e-09	1.370000e-09	
2.000000e+01	1.350000e-10	9.260000e-10	1.290000e-09	9.930000e-10	1.580000e-09	1.410000e-09	
2.010000e+01	5.900000e-10	3.377000e-09	4.870000e-09	3.650000e-09	6.660000e-09	5.260000e-09	
2.020000e+01	7.210000e-10	3.354000e-09	4.920000e-09	3.690000e-09	6.200000e-09	5.100000e-09	
2.030000e+01	5.990000e-10	3.416000e-09	4.930000e-09	3.750000e-09	6.490000e-09	5.370000e-09	
2.040000e+01	6.760000e-10	3.356000e-09	4.960000e-09	3.730000e-09	6.280000e-09	5.120000e-09	
2.050000e+01	8.230000e-10	3.403000e-09	5.290000e-09	3.750000e-09	6.380000e-09	5.130000e-09	
2.060000e+01	1.610000e-10	1.100000e-09	1.530000e-09	1.180000e-09	1.880000e-09	1.680000e-09	
2.070000e+01	1.550000e-10	1.060000e-09	1.480000e-09	1.140000e-09	1.810000e-09	1.620000e-09	
2.080000e+01	6.190000e-10	3.600000e-09	5.130000e-09	3.750000e-09	7.270000e-09	5.350000e-09	
2.090000e+01	1.520000e-10	1.040000e-09	1.450000e-09	1.120000e-09	1.780000e-09	1.590000e-09	
2.100000e+01	6.270000e-10	3.620000e-09	5.160000e-09	3.860000e-09	7.230000e-09	5.490000e-09	
2.110000e+01	6.290000e-10	3.630000e-09	5.190000e-09	3.890000e-09	7.220000e-09	5.540000e-09	
2.120000e+01	6.300000e-10	3.640000e-09	5.200000e-09	3.950000e-09	7.090000e-09	5.560000e-09	
2.130000e+01	1.630000e-10	1.110000e-09	1.550000e-09	1.190000e-09	1.900000e-09	1.700000e-09	
2.140000e+01	1.710000e-10	1.170000e-09	1.620000e-09	1.250000e-09	2.000000e-09	1.780000e-09	
2.150000e+01	6.280000e-10	3.690000e-09	5.260000e-09	4.060000e-09	7.060000e-09	5.780000e-09	
2.160000e+01	6.310000e-10	3.710000e-09	5.290000e-09	4.090000e-09	7.090000e-09	5.820000e-09	
2.170000e+01	1.730000e-10	1.180000e-09	1.650000e-09	1.270000e-09	2.020000e-09	1.810000e-09	
2.180000e+01	1.780000e-10	1.220000e-09	1.700000e-09	1.310000e-09	2.080000e-09	1.860000e-09	
2.190000e+01	1.760000e-10	1.200000e-09	1.670000e-09	1.290000e-09	2.050000e-09	1.830000e-09	
2.200000e+01	1.890000e-10	1.290000e-09	1.790000e-09	1.380000e-09	2.200000e-09	1.970000e-09	
2.210000e+01	1.890000e-10	1.290000e-09	1.800000e-09	1.390000e-09	2.210000e-09	1.970000e-09	
2.220000e+01	1.850000e-10	1.270000e-09	1.760000e-09	1.360000e-09	2.160000e-09	1.930000e-09	
2.230000e+01	1.940000e-10	1.320000e-09	1.840000e-09	1.420000e-09	2.260000e-09	2.020000e-09	
2.240000e+01	1.960000e-10	1.340000e-09	1.870000e-09	1.440000e-09	2.290000e-09	2.050000e-09	
2.250000e+01	2.000000e-10	1.370000e-09	1.900000e-09	1.470000e-09	2.340000e-09	2.090000e-09	
2.260000e+01	1.990000e-10	1.360000e-09	1.900000e-09	1.460000e-09	2.330000e-09	2.080000e-09	
2.270000e+01	2.060000e-10	1.410000e-09	1.960000e-09	1.510000e-09	2.410000e-09	2.150000e-09	
2.280000e+01	2.130000e-10	1.460000e-09	2.030000e-09	1.560000e-09	2.490000e-09	2.220000e-09	
2.290000e+01	2.110000e-10	1.440000e-09	2.010000e-09	1.550000e-09	2.470000e-09	2.200000e-09	
2.300000e+01	2.130000e-10	1.460000e-09	2.020000e-09	1.560000e-09	2.490000e-09	2.220000e-09	
2.310000e+01	2.170000e-10	1.480000e-09	2.060000e-09	1.590000e-09	2.530000e-09	2.260000e-09	
2.320000e+01	2.200000e-10	1.510000e-09	2.090000e-09	1.610000e-09	2.570000e-09	2.300000e-09	
2.330000e+01	2.210000e-10	1.510000e-09	2.100000e-09	1.620000e-09	2.580000e-09	2.300000e-09	
2.340000e+01	2.260000e-10	1.540000e-09	2.150000e-09	1.650000e-09	2.640000e-09	2.350000e-09	
2.350000e+01	2.260000e-10	1.550000e-09	2.150000e-09	1.660000e-09	2.640000e-09	2.360000e-09	
2.360000e+01	2.440000e-10	1.670000e-09	2.320000e-09	1.780000e-09	2.850000e-09	2.540000e-09	
2.370000e+01	2.420000e-10	1.660000e-09	2.300000e-09	1.770000e-09	2.830000e-09	2.520000e-09	
2.380000e+01	2.530000e-10	1.730000e-09	2.400000e-09	1.850000e-09	2.950000e-09	2.630000e-09	
2.390000e+01	2.430000e-10	1.660000e-09	2.310000e-09	1.780000e-09	2.830000e-09	2.530000e-09	
2.400000e+01	2.590000e-10	1.770000e-09	2.460000e-09	1.900000e-09	3.030000e-09	2.700000e-09	
2.410000e+01	2.530000e-10	1.720000e-09	2.400000e-09	1.850000e-09	2.950000e-09	2.630000e-09	
2.420000e+01	2.930000e-10	2.000000e-09	2.780000e-09	2.140000e-09	3.420000e-09	3.050000e-09	
2.430000e+01	2.590000e-10	1.770000e-09	2.460000e-09	1.900000e-09	3.030000e-09	2.700000e-09	
2.440000e+01	2.750000e-10	1.880000e-09	2.610000e-09	2.010000e-09	3.210000e-09	2.860000e-09	
2.450000e+01	2.780000e-10	1.900000e-09	2.640000e-09	2.040000e-09	3.240000e-09	2.900000e-09	
2.460000e+01	2.820000e-10	1.920000e-09	2.680000e-09	2.060000e-09	3.290000e-09	2.940000e-09	
2.470000e+01	2.930000e-10	2.000000e-09	2.780000e-09	2.140000e-09	3.410000e-09	3.050000e-09	
2.480000e+01	2.810000e-10	1.910000e-09	2.660000e-09	2.050000e-09	3.270000e-09	2.920000e-09	
2.490000e+01	2.870000e-10	1.960000e-09	2.720000e-09	2.100000e-09	3.350000e-09	2.980000e-09	
2.500000e+01	2.990000e-10	2.040000e-09	2.840000e-09	2.190000e-09	3.490000e-09	3.110000e-09	
2.510000e+01	3.030000e-10	2.070000e-09	2.880000e-09	2.220000e-09	3.530000e-09	3.150000e-09	
2.520000e+01	7.550000e-10	4.150000e-09	5.970000e-09	4.510000e-09	7.760000e-09	6.240000e-09	
2.530000e+01	2.960000e-10	2.020000e-09	2.800000e-09	2.160000e-09	3.440000e-09	3.070000e-09	
2.540000e+01	7.720000e-10	4.230000e-09	6.100000e-09	4.610000e-09	7.910000e-09	6.360000e-09	
2.550000e+01	7.700000e-10	4.240000e-09	6.100000e-09	4.610000e-09	7.900000e-09	6.400000e-09	
2.560000e+01	9.650000e-10	4.190000e-09	6.630000e-09	4.580000e-09	7.740000e-09	6.250000e-09	
2.570000e+01	1.061000e-09	4.140000e-09	6.250000e-09	4.620000e-09	7.590000e-09	6.260000e-09	
2.580000e+01	9.630000e-10	4.160000e-09	6.210000e-09	4.600000e-09	7.660000e-09	6.300000e-09	
2.590000e+01	7.900000e-10	4.350000e-09	6.190000e-09	4.710000e-09	8.160000e-09	6.420000e-09	
2.600000e+01	7.980000e-10	4.440000e-09	6.250000e-09	4.760000e-09	8.310000e-09	6.480000e-09	
2.610000e+01	8.120000e-10	4.470000e-09	6.300000e-09	4.800000e-09	8.390000e-09	6.490000e-09	
2.620000e+01	8.150000e-10	4.490000e-09	6.320000e-09	4.820000e-09	8.440000e-09	6.510000e-09	
2.630000e+01	8.320000e-10	4.550000e-09	6.380000e-09	4.880000e-09	8.570000e-09	6.550000e-09	
2.640000e+01	8.330000e-10	4.590000e-09	6.400000e-09	4.900000e-09	8.650000e-09	6.570000e-09	
2.650000e+01	8.380000e-10	4.610000e-09	6.420000e-09	4.920000e-09	8.650000e-09	6.600000e-09	
2.660000e+01	3.700000e-10	2.520000e-09	3.500000e-09	2.700000e-09	4.300000e-09	3.840000e-09	
2.670000e+01	3.810000e-10	2.590000e-09	3.610000e-09	2.780000e-09	4.430000e-09	3.950000e-09	
2.680000e+01	3.780000e-10	2.570000e-09	3.580000e-09	2.760000e-09	4.390000e-09	3.920000e-09	
2.690000e+01	3.760000e-10	2.550000e-09	3.550000e-09	2.740000e-09	4.360000e-09	3.890000e-09	
2.700000e+01	9.060000e-10	4.770000e-09	6.610000e-09	5.060000e-09	8.990000e-09	6.670000e-09	
2.710000e+01	8.800000e-10	4.800000e-09	6.640000e-09	5.090000e-09	9.080000e-09	6.700000e-09	
2.720000e+01	8.820000e-10	4.810000e-09	6.660000e-09	5.110000e-09	9.090000e-09	6.740000e-09	
2.730000e+01	8.890000e-10	4.840000e-09	6.700000e-09	5.140000e-09	9.160000e-09	6.740000e-09	
2.740000e+01	4.070000e-10	2.760000e-09	3.840000e-09	2.960000e-09	4.720000e-09	4.210000e-09	
2.750000e+01	4.100000e-10	2.780000e-09	3.870000e-09	2.980000e-09	4.760000e-09	4.250000e-09	
2.760000e+01	4.190000e-10	2.840000e-09	3.950000e-09	3.040000e-09	4.860000e-09	4.330000e-09	
2.770000e+01	4.230000e-10	2.870000e-09	3.990000e-09	3.070000e-09	4.900000e-09	4.380000e-09	
2.780000e+01	4.260000e-10	2.890000e-09	4.020000e-09	3.100000e-09	4.940000e-09	4.400000e-09	
2.790000e+01	4.190000e-10	2.840000e-09	3.950000e-09	3.040000e-09	4.850000e-09	4.330000e-09	
2.800000e+01	4.240000e-10	2.870000e-09	4.000000e-09	3.080000e-09	4.910000e-09	4.380000e-09	
2.810000e+01	4.390000e-10	2.980000e-09	4.140000e-09	3.190000e-09	5.090000e-09	4.540000e-09	
2.820000e+01	4.490000e-10	3.040000e-09	4.230000e-09	3.260000e-09	5.200000e-09	4.640000e-09	
2.830000e+01	4.530000e-10	3.070000e-09	4.270000e-09	3.290000e-09	5.250000e-09	4.680000e-09	
2.840000e+01	4.660000e-10	3.160000e-09	4.390000e-09	3.380000e-09	5.400000e-09	4.820000e-09	
2.850000e+01	4.580000e-10	3.100000e-09	4.320000e-09	3.330000e-09	5.310000e-09	4.730000e-09	
2.860000e+01	4.700000e-10	3.180000e-09	4.430000e-09	3.410000e-09	5.450000e-09	4.860000e-09	
2.870000e+01	4.720000e-10	3.190000e-09	4.450000e-09	3.430000e-09	5.460000e-09	4.870000e-09	
2.880000e+01	4.730000e-10	3.200000e-09	4.460000e-09	3.430000e-09	5.470000e-09	4.880000e-09	
2.890000e+01	4.810000e-10	3.250000e-09	4.530000e-09	3.490000e-09	5.570000e-09	4.970000e-09	
2.900000e+01	4.580000e-10	3.100000e-09	4.320000e-09	3.320000e-09	5.300000e-09	4.730000e-09	
2.910000e+01	4.890000e-10	3.300000e-09	4.600000e-09	3.540000e-09	5.660000e-09	5.040000e-09	
2.920000e+01	4.810000e-10	3.250000e-09	4.530000e-09	3.490000e-09	5.560000e-09	4.960000e-09	
2.930000e+01	4.980000e-10	3.370000e-09	4.690000e-09	3.610000e-09	5.760000e-09	5.140000e-09	
2.940000e+01	5.060000e-10	3.420000e-09	4.770000e-09	3.670000e-09	5.860000e-09	5.230000e-09	
2.950000e+01	5.210000e-10	3.530000e-09	4.910000e-09	3.780000e-09	6.030000e-09	5.380000e-09	
2.960000e+01	5.110000e-10	3.450000e-09	4.810000e-09	3.700000e-09	5.910000e-09	5.270000e-09	
2.970000e+01	5.140000e-10	3.470000e-09	4.840000e-09	3.720000e-09	5.940000e-09	5.300000e-09	
2.980000e+01	5.270000e-10	3.560000e-09	4.960000e-09	3.820000e-09	6.100000e-09	5.440000e-09	
2.990000e+01	5.280000e-10	3.570000e-09	4.970000e-09	3.830000e-09	6.110000e-09	5.450000e-09	
3.000000e+01	5.340000e-10	3.610000e-09	5.030000e-09	3.870000e-09	6.170000e-09	5.510000e-09	
3.100000e+01	5.720000e-10	3.870000e-09	5.390000e-09	4.150000e-09	6.620000e-09	5.900000e-09	
3.200000e+01	6.120000e-10	4.140000e-09	5.770000e-09	4.440000e-09	7.080000e-09	6.320000e-09	
3.300000e+01	6.520000e-10	4.400000e-09	6.130000e-09	4.720000e-09	7.530000e-09	6.720000e-09	
3.500000e+01	7.060000e-10	4.750000e-09	6.620000e-09	5.100000e-09	8.130000e-09	7.250000e-09	
4.000000e+01	8.190000e-10	5.490000e-09	7.660000e-09	5.890000e-09	9.410000e-09	8.390000e-09	
4.500000e+01	1.110000e-09	6.550000e-09	9.340000e-09	7.090000e-09	1.170000e-08	9.910000e-09	
5.000000e+01	1.640000e-09	7.330000e-09	1.090000e-08	8.090000e-09	1.430000e-08	1.090000e-08	
5.500000e+01	1.970000e-09	8.070000e-09	1.220000e-08	8.970000e-09	1.630000e-08	1.200000e-08	
6.000000e+01	2.809000e-09	9.609000e-09	1.516000e-08	1.099000e-08	2.275000e-08	1.481000e-08	
7.000000e+01	3.760000e-09	1.090000e-08	1.860000e-08	1.290000e-08	2.820000e-08	1.730000e-08	
8.000000e+01	4.470000e-09	1.250000e-08	2.160000e-08	1.480000e-08	3.310000e-08	1.990000e-08	
1.000000e+02	6.270000e-09	1.570000e-08	2.820000e-08	1.900000e-08	4.360000e-08	2.560000e-08	
1.200000e+02	7.665000e-09	1.917000e-08	3.439000e-08	2.324000e-08	5.409000e-08	3.110000e-08	
