# Units are Msun
# M_init	sm144	sm149	sm150	sm152	sm154	
8	0	0	0	0	0	
9.000000e+00	2.653900e-10	1.098800e-09	6.923000e-10	2.277300e-09	1.946300e-09	
9.250000e+00	2.719700e-10	1.131500e-09	7.147000e-10	2.342700e-09	1.990800e-09	
9.500000e+00	3.036400e-10	1.164600e-09	7.284000e-10	2.428900e-09	2.086200e-09	
1.000000e+01	3.307000e-10	1.239600e-09	7.572000e-10	2.548900e-09	2.204700e-09	
1.025000e+01	3.537000e-10	1.269400e-09	7.720000e-10	2.608300e-09	2.264300e-09	
1.050000e+01	3.981000e-10	1.286800e-09	7.966000e-10	2.653100e-09	2.309800e-09	
1.075000e+01	4.572000e-10	1.327400e-09	8.089000e-10	2.734300e-09	2.380800e-09	
1.100000e+01	3.733000e-10	1.347600e-09	8.400000e-10	2.784800e-09	2.411300e-09	
1.125000e+01	4.239000e-10	1.375100e-09	8.562000e-10	2.860000e-09	2.474100e-09	
1.150000e+01	4.786000e-10	1.424000e-09	8.723000e-10	2.947000e-09	2.554000e-09	
1.175000e+01	4.311000e-10	1.439000e-09	8.964000e-10	2.976000e-09	2.584000e-09	
1.200000e+01	5.932000e-10	1.487000e-09	9.127000e-10	3.083000e-09	2.666000e-09	
1.225000e+01	6.184000e-10	1.568000e-09	8.924000e-10	3.214000e-09	2.843000e-09	
1.250000e+01	6.922000e-10	1.590000e-09	9.110000e-10	3.278000e-09	2.901000e-09	
1.275000e+01	7.503000e-10	1.615000e-09	9.300000e-10	3.328000e-09	2.970000e-09	
1.300000e+01	8.062000e-10	1.648000e-09	9.450000e-10	3.395000e-09	3.023000e-09	
1.310000e+01	8.097000e-10	1.610000e-09	9.610000e-10	3.353000e-09	2.974000e-09	
1.320000e+01	8.037000e-10	1.614000e-09	9.650000e-10	3.382000e-09	2.992000e-09	
1.330000e+01	8.186000e-10	1.634000e-09	9.740000e-10	3.403000e-09	3.036000e-09	
1.340000e+01	8.499000e-10	1.645000e-09	9.820000e-10	3.424000e-09	3.044000e-09	
1.350000e+01	8.507000e-10	1.654000e-09	9.840000e-10	3.451000e-09	3.078000e-09	
1.360000e+01	8.824000e-10	1.681000e-09	9.840000e-10	3.454000e-09	3.127000e-09	
1.370000e+01	9.018000e-10	1.688000e-09	9.980000e-10	3.488000e-09	3.152000e-09	
1.380000e+01	8.957000e-10	1.696000e-09	1.005000e-09	3.515000e-09	3.174000e-09	
1.390000e+01	8.825000e-10	1.712000e-09	1.015000e-09	3.537000e-09	3.182000e-09	
1.400000e+01	9.154000e-10	1.719000e-09	1.026000e-09	3.629000e-09	3.224000e-09	
1.410000e+01	9.154000e-10	1.719000e-09	1.026000e-09	3.629000e-09	3.224000e-09	
1.420000e+01	9.030000e-10	1.729000e-09	1.037000e-09	3.650000e-09	3.210000e-09	
1.430000e+01	9.133000e-10	1.749000e-09	1.043000e-09	3.670000e-09	3.248000e-09	
1.440000e+01	8.944000e-10	1.759000e-09	1.051000e-09	3.699000e-09	3.254000e-09	
1.450000e+01	9.207000e-10	1.752000e-09	1.071000e-09	3.665000e-09	3.148000e-09	
1.460000e+01	8.529000e-10	1.766000e-09	1.089000e-09	3.705000e-09	3.251000e-09	
1.470000e+01	9.184000e-10	1.772000e-09	1.092000e-09	3.705000e-09	3.174000e-09	
1.480000e+01	9.185000e-10	1.779000e-09	1.104000e-09	3.741000e-09	3.216000e-09	
1.490000e+01	9.180000e-10	1.797000e-09	1.106000e-09	3.766000e-09	3.222000e-09	
1.500000e+01	7.890000e-11	3.670000e-10	1.980000e-10	7.240000e-10	6.240000e-10	
1.510000e+01	7.130000e-11	3.320000e-10	1.790000e-10	6.550000e-10	5.640000e-10	
1.520000e+01	4.481000e-10	1.790000e-09	1.185000e-09	3.620000e-09	3.120000e-09	
1.530000e+01	7.170000e-11	3.340000e-10	1.800000e-10	6.580000e-10	5.670000e-10	
1.540000e+01	7.160000e-11	3.330000e-10	1.800000e-10	6.570000e-10	5.660000e-10	
1.550000e+01	7.310000e-11	3.400000e-10	1.830000e-10	6.710000e-10	5.780000e-10	
1.560000e+01	7.800000e-11	3.630000e-10	1.960000e-10	7.160000e-10	6.170000e-10	
1.570000e+01	4.257000e-10	1.855000e-09	1.227000e-09	3.729000e-09	3.224000e-09	
1.580000e+01	4.475000e-10	1.865000e-09	1.247000e-09	3.761000e-09	3.231000e-09	
1.590000e+01	7.690000e-11	3.580000e-10	1.930000e-10	7.060000e-10	6.080000e-10	
1.600000e+01	4.140000e-10	1.867000e-09	1.256000e-09	3.773000e-09	3.243000e-09	
1.610000e+01	5.177000e-10	1.901000e-09	1.255000e-09	3.823000e-09	3.294000e-09	
1.620000e+01	4.242000e-10	1.895000e-09	1.269000e-09	3.830000e-09	3.289000e-09	
1.630000e+01	4.263000e-10	1.923000e-09	1.271000e-09	3.857000e-09	3.314000e-09	
1.640000e+01	4.229000e-10	1.931000e-09	1.290000e-09	3.883000e-09	3.341000e-09	
1.650000e+01	4.226000e-10	1.934000e-09	1.297000e-09	3.908000e-09	3.352000e-09	
1.660000e+01	4.231000e-10	1.949000e-09	1.306000e-09	3.917000e-09	3.372000e-09	
1.670000e+01	4.237000e-10	1.963000e-09	1.307000e-09	3.946000e-09	3.405000e-09	
1.680000e+01	4.269000e-10	1.970000e-09	1.315000e-09	3.969000e-09	3.409000e-09	
1.690000e+01	4.274000e-10	1.977000e-09	1.319000e-09	3.983000e-09	3.431000e-09	
1.700000e+01	4.288000e-10	1.993000e-09	1.333000e-09	4.015000e-09	3.462000e-09	
1.710000e+01	4.311000e-10	1.999000e-09	1.336000e-09	4.027000e-09	3.472000e-09	
1.720000e+01	9.390000e-11	4.370000e-10	2.350000e-10	8.620000e-10	7.420000e-10	
1.730000e+01	9.577000e-10	1.986000e-09	1.470000e-09	4.152000e-09	3.545000e-09	
1.740000e+01	9.800000e-10	1.985000e-09	1.476000e-09	4.157000e-09	3.547000e-09	
1.750000e+01	9.543000e-10	2.008000e-09	1.492000e-09	4.184000e-09	3.581000e-09	
1.760000e+01	9.798000e-10	2.016000e-09	1.490000e-09	4.210000e-09	3.607000e-09	
1.770000e+01	1.000000e-10	4.660000e-10	2.510000e-10	9.200000e-10	7.920000e-10	
1.780000e+01	9.890000e-11	4.600000e-10	2.480000e-10	9.080000e-10	7.820000e-10	
1.790000e+01	1.289300e-09	2.052000e-09	1.379000e-09	4.252000e-09	3.595000e-09	
1.800000e+01	1.010000e-10	4.690000e-10	2.530000e-10	9.260000e-10	7.970000e-10	
1.810000e+01	1.269900e-09	2.065000e-09	1.421000e-09	4.297000e-09	3.630000e-09	
1.820000e+01	1.225000e-09	2.076000e-09	1.422000e-09	4.310000e-09	3.646000e-09	
1.830000e+01	1.244000e-09	2.081000e-09	1.449000e-09	4.340000e-09	3.658000e-09	
1.840000e+01	1.237000e-09	2.097000e-09	1.458000e-09	4.362000e-09	3.675000e-09	
1.850000e+01	9.750000e-10	2.085000e-09	1.574000e-09	4.380000e-09	3.735000e-09	
1.860000e+01	1.100000e-10	5.130000e-10	2.770000e-10	1.010000e-09	8.720000e-10	
1.870000e+01	1.120000e-10	5.220000e-10	2.820000e-10	1.030000e-09	8.870000e-10	
1.880000e+01	1.260000e-10	5.850000e-10	3.150000e-10	1.160000e-09	9.940000e-10	
1.890000e+01	1.270000e-10	5.900000e-10	3.180000e-10	1.170000e-09	1.000000e-09	
1.900000e+01	1.150000e-10	5.350000e-10	2.890000e-10	1.060000e-09	9.100000e-10	
1.910000e+01	1.160000e-10	5.390000e-10	2.910000e-10	1.060000e-09	9.170000e-10	
1.920000e+01	5.460000e-10	2.209000e-09	1.512000e-09	4.500000e-09	4.011000e-09	
1.930000e+01	6.370000e-10	2.186000e-09	1.651000e-09	4.580000e-09	4.009000e-09	
1.940000e+01	1.270000e-10	5.910000e-10	3.190000e-10	1.170000e-09	1.000000e-09	
1.950000e+01	1.260000e-10	5.860000e-10	3.160000e-10	1.160000e-09	9.960000e-10	
1.960000e+01	1.300000e-10	6.050000e-10	3.260000e-10	1.190000e-09	1.030000e-09	
1.970000e+01	9.040000e-09	2.194000e-09	1.455000e-09	4.530000e-09	3.850000e-09	
1.980000e+01	5.560000e-09	2.214000e-09	1.406000e-09	4.520000e-09	3.910000e-09	
1.990000e+01	1.330000e-10	6.190000e-10	3.340000e-10	1.220000e-09	1.050000e-09	
2.000000e+01	1.370000e-10	6.350000e-10	3.430000e-10	1.250000e-09	1.080000e-09	
2.010000e+01	1.438000e-09	2.263000e-09	1.677000e-09	4.730000e-09	4.110000e-09	
2.020000e+01	6.264000e-09	2.238000e-09	1.460000e-09	4.620000e-09	3.940000e-09	
2.030000e+01	1.127000e-09	2.299000e-09	1.550000e-09	4.690000e-09	4.110000e-09	
2.040000e+01	9.087000e-09	2.263000e-09	1.509000e-09	4.660000e-09	3.930000e-09	
2.050000e+01	2.835000e-09	2.274000e-09	1.574000e-09	4.760000e-09	3.940000e-09	
2.060000e+01	1.630000e-10	7.560000e-10	4.080000e-10	1.490000e-09	1.290000e-09	
2.070000e+01	1.570000e-10	7.280000e-10	3.930000e-10	1.440000e-09	1.240000e-09	
2.080000e+01	9.860000e-10	2.312000e-09	1.985000e-09	4.940000e-09	4.170000e-09	
2.090000e+01	1.540000e-10	7.140000e-10	3.850000e-10	1.410000e-09	1.210000e-09	
2.100000e+01	8.860000e-10	2.347000e-09	1.963000e-09	4.990000e-09	4.300000e-09	
2.110000e+01	8.980000e-10	2.363000e-09	1.946000e-09	5.000000e-09	4.340000e-09	
2.120000e+01	1.037000e-09	2.389000e-09	1.818000e-09	4.980000e-09	4.360000e-09	
2.130000e+01	1.640000e-10	7.640000e-10	4.120000e-10	1.510000e-09	1.300000e-09	
2.140000e+01	1.720000e-10	8.010000e-10	4.320000e-10	1.580000e-09	1.360000e-09	
2.150000e+01	5.230000e-10	2.445000e-09	1.720000e-09	5.000000e-09	4.500000e-09	
2.160000e+01	5.190000e-10	2.466000e-09	1.725000e-09	5.030000e-09	4.530000e-09	
2.170000e+01	1.750000e-10	8.130000e-10	4.380000e-10	1.600000e-09	1.380000e-09	
2.180000e+01	1.800000e-10	8.360000e-10	4.510000e-10	1.650000e-09	1.420000e-09	
2.190000e+01	1.770000e-10	8.240000e-10	4.450000e-10	1.630000e-09	1.400000e-09	
2.200000e+01	1.900000e-10	8.850000e-10	4.770000e-10	1.750000e-09	1.500000e-09	
2.210000e+01	1.910000e-10	8.880000e-10	4.790000e-10	1.750000e-09	1.510000e-09	
2.220000e+01	1.870000e-10	8.690000e-10	4.690000e-10	1.720000e-09	1.480000e-09	
2.230000e+01	1.950000e-10	9.080000e-10	4.900000e-10	1.790000e-09	1.540000e-09	
2.240000e+01	1.980000e-10	9.210000e-10	4.960000e-10	1.820000e-09	1.560000e-09	
2.250000e+01	2.020000e-10	9.390000e-10	5.060000e-10	1.850000e-09	1.600000e-09	
2.260000e+01	2.010000e-10	9.350000e-10	5.040000e-10	1.850000e-09	1.590000e-09	
2.270000e+01	2.080000e-10	9.660000e-10	5.210000e-10	1.910000e-09	1.640000e-09	
2.280000e+01	2.150000e-10	1.000000e-09	5.400000e-10	1.980000e-09	1.700000e-09	
2.290000e+01	2.130000e-10	9.900000e-10	5.340000e-10	1.950000e-09	1.680000e-09	
2.300000e+01	2.150000e-10	1.000000e-09	5.390000e-10	1.970000e-09	1.700000e-09	
2.310000e+01	2.180000e-10	1.010000e-09	5.480000e-10	2.010000e-09	1.730000e-09	
2.320000e+01	2.220000e-10	1.030000e-09	5.580000e-10	2.040000e-09	1.760000e-09	
2.330000e+01	2.230000e-10	1.040000e-09	5.580000e-10	2.040000e-09	1.760000e-09	
2.340000e+01	2.280000e-10	1.060000e-09	5.720000e-10	2.090000e-09	1.800000e-09	
2.350000e+01	2.280000e-10	1.060000e-09	5.720000e-10	2.090000e-09	1.800000e-09	
2.360000e+01	2.460000e-10	1.140000e-09	6.160000e-10	2.260000e-09	1.940000e-09	
2.370000e+01	2.440000e-10	1.140000e-09	6.130000e-10	2.240000e-09	1.930000e-09	
2.380000e+01	2.550000e-10	1.180000e-09	6.390000e-10	2.340000e-09	2.020000e-09	
2.390000e+01	2.450000e-10	1.140000e-09	6.140000e-10	2.250000e-09	1.940000e-09	
2.400000e+01	2.610000e-10	1.220000e-09	6.550000e-10	2.400000e-09	2.060000e-09	
2.410000e+01	2.550000e-10	1.180000e-09	6.380000e-10	2.340000e-09	2.010000e-09	
2.420000e+01	2.950000e-10	1.370000e-09	7.400000e-10	2.710000e-09	2.330000e-09	
2.430000e+01	2.610000e-10	1.220000e-09	6.560000e-10	2.400000e-09	2.070000e-09	
2.440000e+01	2.770000e-10	1.290000e-09	6.950000e-10	2.540000e-09	2.190000e-09	
2.450000e+01	2.800000e-10	1.300000e-09	7.030000e-10	2.570000e-09	2.210000e-09	
2.460000e+01	2.840000e-10	1.320000e-09	7.130000e-10	2.610000e-09	2.250000e-09	
2.470000e+01	2.950000e-10	1.370000e-09	7.390000e-10	2.710000e-09	2.330000e-09	
2.480000e+01	2.830000e-10	1.310000e-09	7.090000e-10	2.590000e-09	2.230000e-09	
2.490000e+01	2.890000e-10	1.340000e-09	7.250000e-10	2.650000e-09	2.280000e-09	
2.500000e+01	3.010000e-10	1.400000e-09	7.560000e-10	2.760000e-09	2.380000e-09	
2.510000e+01	3.050000e-10	1.420000e-09	7.660000e-10	2.800000e-09	2.410000e-09	
2.520000e+01	1.843300e-08	2.800000e-09	2.006000e-09	5.770000e-09	4.900000e-09	
2.530000e+01	2.970000e-10	1.380000e-09	7.460000e-10	2.730000e-09	2.350000e-09	
2.540000e+01	1.302200e-08	2.860000e-09	2.067000e-09	5.890000e-09	5.010000e-09	
2.550000e+01	1.653100e-08	2.870000e-09	2.060000e-09	5.900000e-09	5.040000e-09	
2.560000e+01	1.839000e-09	2.760000e-09	1.916000e-09	5.830000e-09	4.880000e-09	
2.570000e+01	1.062400e-08	2.760000e-09	1.832000e-09	5.710000e-09	4.870000e-09	
2.580000e+01	9.744000e-09	2.790000e-09	1.863000e-09	5.770000e-09	4.900000e-09	
2.590000e+01	3.964000e-09	2.910000e-09	2.222000e-09	6.030000e-09	5.110000e-09	
2.600000e+01	2.217000e-09	2.950000e-09	2.300000e-09	6.140000e-09	5.190000e-09	
2.610000e+01	1.930000e-09	2.980000e-09	2.348000e-09	6.210000e-09	5.220000e-09	
2.620000e+01	1.935000e-09	2.980000e-09	2.362000e-09	6.240000e-09	5.240000e-09	
2.630000e+01	1.613000e-09	3.030000e-09	2.441000e-09	6.340000e-09	5.310000e-09	
2.640000e+01	1.490000e-09	3.050000e-09	2.480000e-09	6.390000e-09	5.340000e-09	
2.650000e+01	1.538000e-09	3.060000e-09	2.469000e-09	6.410000e-09	5.360000e-09	
2.660000e+01	3.710000e-10	1.720000e-09	9.320000e-10	3.410000e-09	2.930000e-09	
2.670000e+01	3.830000e-10	1.780000e-09	9.610000e-10	3.510000e-09	3.020000e-09	
2.680000e+01	3.790000e-10	1.760000e-09	9.530000e-10	3.480000e-09	3.000000e-09	
2.690000e+01	3.770000e-10	1.750000e-09	9.460000e-10	3.460000e-09	2.980000e-09	
2.700000e+01	1.125000e-09	3.170000e-09	2.709000e-09	6.660000e-09	5.440000e-09	
2.710000e+01	1.146000e-09	3.190000e-09	2.729000e-09	6.690000e-09	5.450000e-09	
2.720000e+01	1.149000e-09	3.200000e-09	2.715000e-09	6.700000e-09	5.490000e-09	
2.730000e+01	1.107000e-09	3.230000e-09	2.770000e-09	6.750000e-09	5.480000e-09	
2.740000e+01	4.070000e-10	1.890000e-09	1.020000e-09	3.740000e-09	3.220000e-09	
2.750000e+01	4.110000e-10	1.910000e-09	1.030000e-09	3.780000e-09	3.250000e-09	
2.760000e+01	4.190000e-10	1.950000e-09	1.050000e-09	3.850000e-09	3.310000e-09	
2.770000e+01	4.230000e-10	1.970000e-09	1.060000e-09	3.890000e-09	3.350000e-09	
2.780000e+01	4.260000e-10	1.980000e-09	1.070000e-09	3.910000e-09	3.370000e-09	
2.790000e+01	4.190000e-10	1.950000e-09	1.050000e-09	3.850000e-09	3.310000e-09	
2.800000e+01	4.240000e-10	1.970000e-09	1.060000e-09	3.890000e-09	3.350000e-09	
2.810000e+01	4.390000e-10	2.040000e-09	1.100000e-09	4.040000e-09	3.470000e-09	
2.820000e+01	4.490000e-10	2.090000e-09	1.130000e-09	4.120000e-09	3.550000e-09	
2.830000e+01	4.530000e-10	2.110000e-09	1.140000e-09	4.160000e-09	3.580000e-09	
2.840000e+01	4.660000e-10	2.160000e-09	1.170000e-09	4.280000e-09	3.680000e-09	
2.850000e+01	4.580000e-10	2.130000e-09	1.150000e-09	4.210000e-09	3.620000e-09	
2.860000e+01	4.700000e-10	2.180000e-09	1.180000e-09	4.320000e-09	3.720000e-09	
2.870000e+01	4.720000e-10	2.190000e-09	1.180000e-09	4.330000e-09	3.730000e-09	
2.880000e+01	4.720000e-10	2.190000e-09	1.190000e-09	4.340000e-09	3.730000e-09	
2.890000e+01	4.810000e-10	2.230000e-09	1.210000e-09	4.420000e-09	3.800000e-09	
2.900000e+01	4.580000e-10	2.130000e-09	1.150000e-09	4.210000e-09	3.620000e-09	
2.910000e+01	4.880000e-10	2.270000e-09	1.230000e-09	4.490000e-09	3.860000e-09	
2.920000e+01	4.800000e-10	2.230000e-09	1.210000e-09	4.410000e-09	3.790000e-09	
2.930000e+01	4.970000e-10	2.310000e-09	1.250000e-09	4.570000e-09	3.930000e-09	
2.940000e+01	5.060000e-10	2.350000e-09	1.270000e-09	4.650000e-09	4.000000e-09	
2.950000e+01	5.210000e-10	2.420000e-09	1.310000e-09	4.790000e-09	4.110000e-09	
2.960000e+01	5.100000e-10	2.370000e-09	1.280000e-09	4.690000e-09	4.030000e-09	
2.970000e+01	5.130000e-10	2.380000e-09	1.290000e-09	4.710000e-09	4.050000e-09	
2.980000e+01	5.260000e-10	2.450000e-09	1.320000e-09	4.840000e-09	4.160000e-09	
2.990000e+01	5.270000e-10	2.450000e-09	1.330000e-09	4.840000e-09	4.170000e-09	
3.000000e+01	5.330000e-10	2.470000e-09	1.340000e-09	4.900000e-09	4.210000e-09	
3.100000e+01	5.710000e-10	2.650000e-09	1.440000e-09	5.250000e-09	4.520000e-09	
3.200000e+01	6.120000e-10	2.840000e-09	1.540000e-09	5.620000e-09	4.830000e-09	
3.300000e+01	6.500000e-10	3.020000e-09	1.640000e-09	5.970000e-09	5.140000e-09	
3.500000e+01	7.020000e-10	3.260000e-09	1.770000e-09	6.450000e-09	5.550000e-09	
4.000000e+01	8.110000e-10	3.760000e-09	2.040000e-09	7.460000e-09	6.410000e-09	
4.500000e+01	9.610000e-10	4.540000e-09	2.880000e-09	9.110000e-09	7.580000e-09	
5.000000e+01	1.070000e-09	5.180000e-09	4.120000e-09	1.040000e-08	8.330000e-09	
5.500000e+01	1.190000e-09	5.730000e-09	4.880000e-09	1.140000e-08	9.130000e-09	
6.000000e+01	1.450000e-09	6.699000e-09	6.722000e-09	1.339000e-08	1.151000e-08	
7.000000e+01	1.800000e-09	7.580000e-09	7.560000e-09	1.530000e-08	1.290000e-08	
8.000000e+01	2.080000e-09	8.690000e-09	8.850000e-09	1.760000e-08	1.490000e-08	
1.000000e+02	2.680000e-09	1.080000e-08	1.160000e-08	2.250000e-08	1.900000e-08	
1.200000e+02	4.068000e-09	1.320000e-08	1.464000e-08	2.773000e-08	2.330000e-08	
