# Units are Msun
# M_init	ta181	
8	0	
9.000000e+00	8.393000e-10	
9.250000e+00	8.622000e-10	
9.500000e+00	8.895000e-10	
1.000000e+01	9.351000e-10	
1.025000e+01	9.760000e-10	
1.050000e+01	1.009100e-09	
1.075000e+01	1.034500e-09	
1.100000e+01	1.064700e-09	
1.125000e+01	1.100100e-09	
1.150000e+01	1.122900e-09	
1.175000e+01	1.158000e-09	
1.200000e+01	1.162000e-09	
1.225000e+01	1.179000e-09	
1.250000e+01	1.206000e-09	
1.275000e+01	1.239000e-09	
1.300000e+01	1.259000e-09	
1.310000e+01	1.241000e-09	
1.320000e+01	1.255000e-09	
1.330000e+01	1.267000e-09	
1.340000e+01	1.275000e-09	
1.350000e+01	1.281000e-09	
1.360000e+01	1.304000e-09	
1.370000e+01	1.312000e-09	
1.380000e+01	1.315000e-09	
1.390000e+01	1.337000e-09	
1.400000e+01	1.344000e-09	
1.410000e+01	1.344000e-09	
1.420000e+01	1.359000e-09	
1.430000e+01	1.367000e-09	
1.440000e+01	1.374000e-09	
1.450000e+01	1.385000e-09	
1.460000e+01	1.392000e-09	
1.470000e+01	1.411000e-09	
1.480000e+01	1.414000e-09	
1.490000e+01	1.423000e-09	
1.500000e+01	2.660000e-10	
1.510000e+01	2.410000e-10	
1.520000e+01	1.500000e-09	
1.530000e+01	2.420000e-10	
1.540000e+01	2.410000e-10	
1.550000e+01	2.470000e-10	
1.560000e+01	2.630000e-10	
1.570000e+01	1.559000e-09	
1.580000e+01	1.565000e-09	
1.590000e+01	2.600000e-10	
1.600000e+01	1.577000e-09	
1.610000e+01	1.612000e-09	
1.620000e+01	1.604000e-09	
1.630000e+01	1.621000e-09	
1.640000e+01	1.619000e-09	
1.650000e+01	1.629000e-09	
1.660000e+01	1.644000e-09	
1.670000e+01	1.662000e-09	
1.680000e+01	1.670000e-09	
1.690000e+01	1.675000e-09	
1.700000e+01	1.690000e-09	
1.710000e+01	1.694000e-09	
1.720000e+01	3.170000e-10	
1.730000e+01	1.709000e-09	
1.740000e+01	1.715000e-09	
1.750000e+01	1.735000e-09	
1.760000e+01	1.743000e-09	
1.770000e+01	3.380000e-10	
1.780000e+01	3.340000e-10	
1.790000e+01	1.715000e-09	
1.800000e+01	3.400000e-10	
1.810000e+01	1.717000e-09	
1.820000e+01	1.733000e-09	
1.830000e+01	1.729000e-09	
1.840000e+01	1.741000e-09	
1.850000e+01	1.805000e-09	
1.860000e+01	3.720000e-10	
1.870000e+01	3.790000e-10	
1.880000e+01	4.240000e-10	
1.890000e+01	4.280000e-10	
1.900000e+01	3.880000e-10	
1.910000e+01	3.910000e-10	
1.920000e+01	1.926000e-09	
1.930000e+01	1.868000e-09	
1.940000e+01	4.290000e-10	
1.950000e+01	4.250000e-10	
1.960000e+01	4.390000e-10	
1.970000e+01	1.888000e-09	
1.980000e+01	1.918000e-09	
1.990000e+01	4.490000e-10	
2.000000e+01	4.610000e-10	
2.010000e+01	2.036000e-09	
2.020000e+01	1.945000e-09	
2.030000e+01	2.061000e-09	
2.040000e+01	1.946000e-09	
2.050000e+01	1.929000e-09	
2.060000e+01	5.490000e-10	
2.070000e+01	5.280000e-10	
2.080000e+01	2.121000e-09	
2.090000e+01	5.180000e-10	
2.100000e+01	2.072000e-09	
2.110000e+01	2.066000e-09	
2.120000e+01	2.116000e-09	
2.130000e+01	5.540000e-10	
2.140000e+01	5.810000e-10	
2.150000e+01	2.256000e-09	
2.160000e+01	2.285000e-09	
2.170000e+01	5.900000e-10	
2.180000e+01	6.070000e-10	
2.190000e+01	5.980000e-10	
2.200000e+01	6.420000e-10	
2.210000e+01	6.440000e-10	
2.220000e+01	6.310000e-10	
2.230000e+01	6.590000e-10	
2.240000e+01	6.680000e-10	
2.250000e+01	6.810000e-10	
2.260000e+01	6.780000e-10	
2.270000e+01	7.010000e-10	
2.280000e+01	7.260000e-10	
2.290000e+01	7.180000e-10	
2.300000e+01	7.250000e-10	
2.310000e+01	7.370000e-10	
2.320000e+01	7.500000e-10	
2.330000e+01	7.510000e-10	
2.340000e+01	7.690000e-10	
2.350000e+01	7.700000e-10	
2.360000e+01	8.290000e-10	
2.370000e+01	8.240000e-10	
2.380000e+01	8.600000e-10	
2.390000e+01	8.260000e-10	
2.400000e+01	8.810000e-10	
2.410000e+01	8.590000e-10	
2.420000e+01	9.950000e-10	
2.430000e+01	8.820000e-10	
2.440000e+01	9.350000e-10	
2.450000e+01	9.450000e-10	
2.460000e+01	9.580000e-10	
2.470000e+01	9.940000e-10	
2.480000e+01	9.530000e-10	
2.490000e+01	9.750000e-10	
2.500000e+01	1.020000e-09	
2.510000e+01	1.030000e-09	
2.520000e+01	2.510000e-09	
2.530000e+01	1.000000e-09	
2.540000e+01	2.560000e-09	
2.550000e+01	2.570000e-09	
2.560000e+01	2.480000e-09	
2.570000e+01	2.490000e-09	
2.580000e+01	2.460000e-09	
2.590000e+01	2.750000e-09	
2.600000e+01	2.850000e-09	
2.610000e+01	2.890000e-09	
2.620000e+01	2.940000e-09	
2.630000e+01	2.990000e-09	
2.640000e+01	3.070000e-09	
2.650000e+01	3.040000e-09	
2.660000e+01	1.250000e-09	
2.670000e+01	1.290000e-09	
2.680000e+01	1.280000e-09	
2.690000e+01	1.270000e-09	
2.700000e+01	3.120000e-09	
2.710000e+01	3.140000e-09	
2.720000e+01	3.160000e-09	
2.730000e+01	3.160000e-09	
2.740000e+01	1.370000e-09	
2.750000e+01	1.390000e-09	
2.760000e+01	1.410000e-09	
2.770000e+01	1.430000e-09	
2.780000e+01	1.440000e-09	
2.790000e+01	1.410000e-09	
2.800000e+01	1.430000e-09	
2.810000e+01	1.480000e-09	
2.820000e+01	1.510000e-09	
2.830000e+01	1.530000e-09	
2.840000e+01	1.570000e-09	
2.850000e+01	1.540000e-09	
2.860000e+01	1.590000e-09	
2.870000e+01	1.590000e-09	
2.880000e+01	1.590000e-09	
2.890000e+01	1.620000e-09	
2.900000e+01	1.540000e-09	
2.910000e+01	1.650000e-09	
2.920000e+01	1.620000e-09	
2.930000e+01	1.680000e-09	
2.940000e+01	1.710000e-09	
2.950000e+01	1.760000e-09	
2.960000e+01	1.720000e-09	
2.970000e+01	1.730000e-09	
2.980000e+01	1.770000e-09	
2.990000e+01	1.780000e-09	
3.000000e+01	1.800000e-09	
3.100000e+01	1.930000e-09	
3.200000e+01	2.060000e-09	
3.300000e+01	2.190000e-09	
3.500000e+01	2.370000e-09	
4.000000e+01	2.740000e-09	
4.500000e+01	3.750000e-09	
5.000000e+01	5.630000e-09	
5.500000e+01	6.400000e-09	
6.000000e+01	7.320000e-09	
7.000000e+01	7.030000e-09	
8.000000e+01	8.120000e-09	
1.000000e+02	1.020000e-08	
1.200000e+02	1.330000e-08	
