# Units are Msun
# M_init	te120	te122	te123	te124	te125	te126	
8	0	0	0	0	0	0	
9.000000e+00	1.251000e-10	3.494000e-09	1.220000e-09	6.535000e-09	9.361000e-09	2.575700e-08	
9.250000e+00	1.283800e-10	3.602000e-09	1.252800e-09	6.729000e-09	9.603000e-09	2.651600e-08	
9.500000e+00	1.377200e-10	3.681000e-09	1.286000e-09	6.877000e-09	9.899000e-09	2.718500e-08	
1.000000e+01	1.552400e-10	3.856000e-09	1.341200e-09	7.174000e-09	1.040000e-08	2.860000e-08	
1.025000e+01	1.672100e-10	3.945000e-09	1.360900e-09	7.373000e-09	1.060800e-08	2.919000e-08	
1.050000e+01	1.769400e-10	4.057000e-09	1.408200e-09	7.638000e-09	1.088700e-08	3.003000e-08	
1.075000e+01	1.960000e-10	4.159000e-09	1.438800e-09	7.782000e-09	1.109200e-08	3.065000e-08	
1.100000e+01	1.680300e-10	4.280000e-09	1.479100e-09	8.123000e-09	1.139400e-08	3.155000e-08	
1.125000e+01	1.848200e-10	4.372000e-09	1.506800e-09	8.284000e-09	1.165600e-08	3.232000e-08	
1.150000e+01	2.010000e-10	4.484000e-09	1.547000e-09	8.409000e-09	1.204100e-08	3.301000e-08	
1.175000e+01	1.867000e-10	4.557000e-09	1.573000e-09	8.721000e-09	1.213000e-08	3.378000e-08	
1.200000e+01	2.397000e-10	4.722000e-09	1.633000e-09	8.825000e-09	1.248000e-08	3.439000e-08	
1.225000e+01	2.518000e-10	4.703000e-09	1.613000e-09	8.643000e-09	1.287000e-08	3.483000e-08	
1.250000e+01	2.761000e-10	4.807000e-09	1.646000e-09	8.840000e-09	1.315000e-08	3.561000e-08	
1.275000e+01	2.977000e-10	4.933000e-09	1.691000e-09	9.040000e-09	1.330000e-08	3.623000e-08	
1.300000e+01	2.901000e-10	5.012000e-09	1.725000e-09	9.190000e-09	1.351000e-08	3.682000e-08	
1.310000e+01	3.213000e-10	5.090000e-09	1.746000e-09	9.410000e-09	1.356000e-08	3.728000e-08	
1.320000e+01	3.178000e-10	5.113000e-09	1.761000e-09	9.510000e-09	1.369000e-08	3.749000e-08	
1.330000e+01	3.257000e-10	5.164000e-09	1.771000e-09	9.550000e-09	1.381000e-08	3.787000e-08	
1.340000e+01	3.239000e-10	5.216000e-09	1.802000e-09	9.640000e-09	1.390000e-08	3.811000e-08	
1.350000e+01	3.118000e-10	5.261000e-09	1.801000e-09	9.710000e-09	1.407000e-08	3.839000e-08	
1.360000e+01	3.415000e-10	5.260000e-09	1.798000e-09	9.710000e-09	1.421000e-08	3.867000e-08	
1.370000e+01	3.502000e-10	5.342000e-09	1.825000e-09	9.820000e-09	1.429000e-08	3.900000e-08	
1.380000e+01	3.452000e-10	5.346000e-09	1.834000e-09	9.880000e-09	1.434000e-08	3.911000e-08	
1.390000e+01	3.446000e-10	5.395000e-09	1.849000e-09	9.970000e-09	1.454000e-08	3.957000e-08	
1.400000e+01	1.590000e-16	1.610000e-16	1.920000e-17	4.510000e-16	8.020000e-16	1.720000e-15	
1.410000e+01	3.555000e-10	5.482000e-09	1.877000e-09	1.010000e-08	1.454000e-08	3.978000e-08	
1.420000e+01	3.344000e-10	5.563000e-09	1.906000e-09	1.020000e-08	1.458000e-08	4.014000e-08	
1.430000e+01	3.545000e-10	5.574000e-09	1.907000e-09	1.027000e-08	1.476000e-08	4.037000e-08	
1.440000e+01	3.495000e-10	5.572000e-09	1.907000e-09	1.035000e-08	1.484000e-08	4.068000e-08	
1.450000e+01	3.480000e-10	5.690000e-09	1.951000e-09	1.058000e-08	1.480000e-08	4.083000e-08	
1.460000e+01	3.392000e-10	5.705000e-09	1.954000e-09	1.060000e-08	1.502000e-08	4.133000e-08	
1.470000e+01	3.569000e-10	5.780000e-09	1.981000e-09	1.077000e-08	1.504000e-08	4.139000e-08	
1.480000e+01	3.596000e-10	5.814000e-09	1.997000e-09	1.072000e-08	1.515000e-08	4.179000e-08	
1.490000e+01	3.563000e-10	5.827000e-09	2.005000e-09	1.081000e-08	1.523000e-08	4.205000e-08	
1.500000e+01	3.860000e-11	1.070000e-09	3.760000e-10	2.020000e-09	3.020000e-09	8.060000e-09	
1.510000e+01	3.490000e-11	9.690000e-10	3.400000e-10	1.820000e-09	2.730000e-09	7.290000e-09	
1.520000e+01	2.031000e-10	6.160000e-09	2.061000e-09	1.197000e-08	1.540000e-08	4.389000e-08	
1.530000e+01	3.510000e-11	9.750000e-10	3.420000e-10	1.830000e-09	2.750000e-09	7.330000e-09	
1.540000e+01	3.500000e-11	9.720000e-10	3.420000e-10	1.830000e-09	2.740000e-09	7.310000e-09	
1.550000e+01	3.580000e-11	9.930000e-10	3.490000e-10	1.870000e-09	2.800000e-09	7.470000e-09	
1.560000e+01	3.820000e-11	1.060000e-09	3.720000e-10	1.990000e-09	2.990000e-09	7.970000e-09	
1.570000e+01	1.955000e-10	6.330000e-09	2.135000e-09	1.241000e-08	1.587000e-08	4.535000e-08	
1.580000e+01	2.044000e-10	6.440000e-09	2.165000e-09	1.251000e-08	1.591000e-08	4.562000e-08	
1.590000e+01	3.770000e-11	1.050000e-09	3.670000e-10	1.970000e-09	2.950000e-09	7.860000e-09	
1.600000e+01	1.910000e-10	6.410000e-09	2.169000e-09	1.260000e-08	1.600000e-08	4.610000e-08	
1.610000e+01	2.330000e-10	6.500000e-09	2.191000e-09	1.269000e-08	1.627000e-08	4.643000e-08	
1.620000e+01	1.947000e-10	6.490000e-09	2.196000e-09	1.283000e-08	1.624000e-08	4.671000e-08	
1.630000e+01	1.963000e-10	6.530000e-09	2.213000e-09	1.285000e-08	1.637000e-08	4.700000e-08	
1.640000e+01	1.971000e-10	6.560000e-09	2.231000e-09	1.294000e-08	1.646000e-08	4.736000e-08	
1.650000e+01	1.974000e-10	6.590000e-09	2.244000e-09	1.301000e-08	1.656000e-08	4.753000e-08	
1.660000e+01	1.981000e-10	6.640000e-09	2.250000e-09	1.310000e-08	1.665000e-08	4.780000e-08	
1.670000e+01	1.994000e-10	6.680000e-09	2.264000e-09	1.311000e-08	1.672000e-08	4.815000e-08	
1.680000e+01	2.010000e-10	6.710000e-09	2.280000e-09	1.320000e-08	1.679000e-08	4.837000e-08	
1.690000e+01	2.018000e-10	6.740000e-09	2.287000e-09	1.333000e-08	1.685000e-08	4.873000e-08	
1.700000e+01	2.035000e-10	6.760000e-09	2.294000e-09	1.337000e-08	1.700000e-08	4.897000e-08	
1.710000e+01	2.041000e-10	6.790000e-09	2.310000e-09	1.350000e-08	1.705000e-08	4.921000e-08	
1.720000e+01	4.590000e-11	1.280000e-09	4.480000e-10	2.400000e-09	3.600000e-09	9.590000e-09	
1.730000e+01	3.729000e-10	7.050000e-09	2.408000e-09	1.364000e-08	1.741000e-08	5.147000e-08	
1.740000e+01	3.750000e-10	7.100000e-09	2.427000e-09	1.371000e-08	1.751000e-08	5.180000e-08	
1.750000e+01	3.702000e-10	7.170000e-09	2.440000e-09	1.396000e-08	1.759000e-08	5.224000e-08	
1.760000e+01	3.799000e-10	7.190000e-09	2.457000e-09	1.395000e-08	1.777000e-08	5.249000e-08	
1.770000e+01	4.910000e-11	1.360000e-09	4.780000e-10	2.560000e-09	3.840000e-09	1.020000e-08	
1.780000e+01	4.840000e-11	1.340000e-09	4.720000e-10	2.530000e-09	3.790000e-09	1.010000e-08	
1.790000e+01	4.806000e-10	7.170000e-09	2.454000e-09	1.384000e-08	1.830000e-08	5.310000e-08	
1.800000e+01	4.940000e-11	1.370000e-09	4.810000e-10	2.580000e-09	3.860000e-09	1.030000e-08	
1.810000e+01	4.749000e-10	7.340000e-09	2.507000e-09	1.405000e-08	1.853000e-08	5.380000e-08	
1.820000e+01	4.752000e-10	7.340000e-09	2.509000e-09	1.417000e-08	1.860000e-08	5.440000e-08	
1.830000e+01	4.697000e-10	7.460000e-09	2.544000e-09	1.424000e-08	1.876000e-08	5.440000e-08	
1.840000e+01	4.663000e-10	7.490000e-09	2.560000e-09	1.433000e-08	1.879000e-08	5.460000e-08	
1.850000e+01	3.653000e-10	7.490000e-09	2.569000e-09	1.439000e-08	1.858000e-08	5.630000e-08	
1.860000e+01	5.400000e-11	1.500000e-09	5.270000e-10	2.820000e-09	4.230000e-09	1.130000e-08	
1.870000e+01	5.490000e-11	1.530000e-09	5.360000e-10	2.870000e-09	4.300000e-09	1.150000e-08	
1.880000e+01	6.160000e-11	1.710000e-09	6.000000e-10	3.220000e-09	4.820000e-09	1.280000e-08	
1.890000e+01	6.210000e-11	1.720000e-09	6.060000e-10	3.250000e-09	4.860000e-09	1.300000e-08	
1.900000e+01	5.630000e-11	1.560000e-09	5.490000e-10	2.940000e-09	4.410000e-09	1.180000e-08	
1.910000e+01	5.680000e-11	1.580000e-09	5.540000e-10	2.960000e-09	4.440000e-09	1.190000e-08	
1.920000e+01	2.519000e-10	7.680000e-09	2.584000e-09	1.577000e-08	1.921000e-08	5.740000e-08	
1.930000e+01	2.806000e-10	8.080000e-09	2.681000e-09	1.647000e-08	1.954000e-08	5.890000e-08	
1.940000e+01	6.220000e-11	1.730000e-09	6.070000e-10	3.250000e-09	4.870000e-09	1.300000e-08	
1.950000e+01	6.170000e-11	1.710000e-09	6.020000e-10	3.220000e-09	4.830000e-09	1.290000e-08	
1.960000e+01	6.360000e-11	1.770000e-09	6.200000e-10	3.320000e-09	4.980000e-09	1.330000e-08	
1.970000e+01	9.685000e-10	1.059000e-08	2.759000e-09	1.822000e-08	1.927000e-08	5.600000e-08	
1.980000e+01	5.776000e-10	9.720000e-09	2.610000e-09	1.852000e-08	1.878000e-08	5.670000e-08	
1.990000e+01	6.510000e-11	1.810000e-09	6.350000e-10	3.400000e-09	5.100000e-09	1.360000e-08	
2.000000e+01	6.690000e-11	1.860000e-09	6.520000e-10	3.490000e-09	5.230000e-09	1.390000e-08	
2.010000e+01	4.526000e-10	7.950000e-09	2.700000e-09	1.543000e-08	1.949000e-08	5.760000e-08	
2.020000e+01	6.353000e-10	9.560000e-09	2.735000e-09	1.857000e-08	1.930000e-08	5.850000e-08	
2.030000e+01	4.193000e-10	8.280000e-09	2.766000e-09	1.647000e-08	1.985000e-08	5.990000e-08	
2.040000e+01	9.519000e-10	1.096000e-08	2.881000e-09	1.926000e-08	1.983000e-08	5.830000e-08	
2.050000e+01	4.400000e-10	9.570000e-09	2.932000e-09	2.021000e-08	1.965000e-08	6.150000e-08	
2.060000e+01	7.960000e-11	2.210000e-09	7.760000e-10	4.160000e-09	6.230000e-09	1.660000e-08	
2.070000e+01	7.660000e-11	2.130000e-09	7.470000e-10	4.000000e-09	6.000000e-09	1.600000e-08	
2.080000e+01	3.980000e-10	8.620000e-09	2.921000e-09	1.752000e-08	2.083000e-08	6.410000e-08	
2.090000e+01	7.520000e-11	2.090000e-09	7.330000e-10	3.930000e-09	5.880000e-09	1.570000e-08	
2.100000e+01	3.846000e-10	8.850000e-09	2.957000e-09	1.841000e-08	2.115000e-08	6.470000e-08	
2.110000e+01	3.822000e-10	8.820000e-09	2.952000e-09	1.834000e-08	2.120000e-08	6.480000e-08	
2.120000e+01	4.138000e-10	8.900000e-09	2.988000e-09	1.806000e-08	2.129000e-08	6.420000e-08	
2.130000e+01	8.040000e-11	2.230000e-09	7.840000e-10	4.200000e-09	6.300000e-09	1.680000e-08	
2.140000e+01	8.430000e-11	2.340000e-09	8.220000e-10	4.410000e-09	6.600000e-09	1.760000e-08	
2.150000e+01	2.479000e-10	8.540000e-09	2.877000e-09	1.809000e-08	2.118000e-08	6.470000e-08	
2.160000e+01	2.469000e-10	8.560000e-09	2.887000e-09	1.813000e-08	2.134000e-08	6.490000e-08	
2.170000e+01	8.550000e-11	2.380000e-09	8.340000e-10	4.470000e-09	6.690000e-09	1.790000e-08	
2.180000e+01	8.800000e-11	2.440000e-09	8.580000e-10	4.600000e-09	6.890000e-09	1.840000e-08	
2.190000e+01	8.670000e-11	2.410000e-09	8.460000e-10	4.530000e-09	6.790000e-09	1.810000e-08	
2.200000e+01	9.310000e-11	2.590000e-09	9.080000e-10	4.860000e-09	7.290000e-09	1.940000e-08	
2.210000e+01	9.350000e-11	2.590000e-09	9.110000e-10	4.880000e-09	7.310000e-09	1.950000e-08	
2.220000e+01	9.150000e-11	2.540000e-09	8.920000e-10	4.780000e-09	7.160000e-09	1.910000e-08	
2.230000e+01	9.550000e-11	2.650000e-09	9.310000e-10	4.990000e-09	7.480000e-09	1.990000e-08	
2.240000e+01	9.690000e-11	2.690000e-09	9.450000e-10	5.060000e-09	7.580000e-09	2.020000e-08	
2.250000e+01	9.880000e-11	2.740000e-09	9.640000e-10	5.160000e-09	7.730000e-09	2.060000e-08	
2.260000e+01	9.840000e-11	2.730000e-09	9.600000e-10	5.140000e-09	7.700000e-09	2.050000e-08	
2.270000e+01	1.020000e-10	2.820000e-09	9.920000e-10	5.310000e-09	7.960000e-09	2.120000e-08	
2.280000e+01	1.050000e-10	2.920000e-09	1.030000e-09	5.500000e-09	8.240000e-09	2.200000e-08	
2.290000e+01	1.040000e-10	2.890000e-09	1.020000e-09	5.440000e-09	8.150000e-09	2.170000e-08	
2.300000e+01	1.050000e-10	2.920000e-09	1.030000e-09	5.490000e-09	8.230000e-09	2.200000e-08	
2.310000e+01	1.070000e-10	2.970000e-09	1.040000e-09	5.580000e-09	8.360000e-09	2.230000e-08	
2.320000e+01	1.090000e-10	3.020000e-09	1.060000e-09	5.680000e-09	8.510000e-09	2.270000e-08	
2.330000e+01	1.090000e-10	3.030000e-09	1.060000e-09	5.690000e-09	8.530000e-09	2.270000e-08	
2.340000e+01	1.120000e-10	3.100000e-09	1.090000e-09	5.830000e-09	8.730000e-09	2.330000e-08	
2.350000e+01	1.120000e-10	3.100000e-09	1.090000e-09	5.830000e-09	8.740000e-09	2.330000e-08	
2.360000e+01	1.200000e-10	3.340000e-09	1.170000e-09	6.280000e-09	9.410000e-09	2.510000e-08	
2.370000e+01	1.200000e-10	3.320000e-09	1.170000e-09	6.250000e-09	9.360000e-09	2.500000e-08	
2.380000e+01	1.250000e-10	3.460000e-09	1.220000e-09	6.520000e-09	9.760000e-09	2.600000e-08	
2.390000e+01	1.200000e-10	3.330000e-09	1.170000e-09	6.260000e-09	9.380000e-09	2.500000e-08	
2.400000e+01	1.280000e-10	3.550000e-09	1.250000e-09	6.680000e-09	1.000000e-08	2.670000e-08	
2.410000e+01	1.250000e-10	3.460000e-09	1.210000e-09	6.510000e-09	9.750000e-09	2.600000e-08	
2.420000e+01	1.440000e-10	4.010000e-09	1.410000e-09	7.540000e-09	1.130000e-08	3.010000e-08	
2.430000e+01	1.280000e-10	3.550000e-09	1.250000e-09	6.680000e-09	1.000000e-08	2.670000e-08	
2.440000e+01	1.360000e-10	3.760000e-09	1.320000e-09	7.080000e-09	1.060000e-08	2.830000e-08	
2.450000e+01	1.370000e-10	3.810000e-09	1.340000e-09	7.160000e-09	1.070000e-08	2.860000e-08	
2.460000e+01	1.390000e-10	3.860000e-09	1.360000e-09	7.260000e-09	1.090000e-08	2.900000e-08	
2.470000e+01	1.440000e-10	4.010000e-09	1.410000e-09	7.530000e-09	1.130000e-08	3.010000e-08	
2.480000e+01	1.380000e-10	3.840000e-09	1.350000e-09	7.220000e-09	1.080000e-08	2.890000e-08	
2.490000e+01	1.410000e-10	3.930000e-09	1.380000e-09	7.380000e-09	1.110000e-08	2.950000e-08	
2.500000e+01	1.470000e-10	4.090000e-09	1.440000e-09	7.700000e-09	1.150000e-08	3.080000e-08	
2.510000e+01	1.490000e-10	4.150000e-09	1.460000e-09	7.800000e-09	1.170000e-08	3.120000e-08	
2.520000e+01	1.783000e-09	1.183000e-08	3.740000e-09	2.122000e-08	2.540000e-08	7.180000e-08	
2.530000e+01	1.450000e-10	4.040000e-09	1.420000e-09	7.600000e-09	1.140000e-08	3.040000e-08	
2.540000e+01	1.347000e-09	1.160000e-08	3.760000e-09	2.152000e-08	2.510000e-08	7.250000e-08	
2.550000e+01	1.622000e-09	1.188000e-08	3.800000e-09	2.156000e-08	2.560000e-08	7.240000e-08	
2.560000e+01	6.380000e-10	1.075000e-08	3.470000e-09	2.581000e-08	2.390000e-08	7.900000e-08	
2.570000e+01	7.500000e-10	1.220000e-08	3.460000e-09	2.687000e-08	2.400000e-08	7.670000e-08	
2.580000e+01	8.670000e-10	1.298000e-08	3.590000e-09	2.628000e-08	2.420000e-08	7.560000e-08	
2.590000e+01	7.660000e-10	1.159000e-08	3.810000e-09	2.298000e-08	2.520000e-08	7.650000e-08	
2.600000e+01	6.200000e-10	1.172000e-08	3.850000e-09	2.376000e-08	2.530000e-08	7.830000e-08	
2.610000e+01	5.660000e-10	1.177000e-08	3.900000e-09	2.414000e-08	2.550000e-08	7.910000e-08	
2.620000e+01	5.750000e-10	1.186000e-08	3.930000e-09	2.438000e-08	2.550000e-08	7.940000e-08	
2.630000e+01	5.240000e-10	1.200000e-08	3.990000e-09	2.497000e-08	2.580000e-08	8.090000e-08	
2.640000e+01	5.010000e-10	1.207000e-08	4.020000e-09	2.517000e-08	2.590000e-08	8.140000e-08	
2.650000e+01	5.160000e-10	1.211000e-08	4.030000e-09	2.535000e-08	2.600000e-08	8.190000e-08	
2.660000e+01	1.820000e-10	5.040000e-09	1.770000e-09	9.490000e-09	1.420000e-08	3.790000e-08	
2.670000e+01	1.870000e-10	5.200000e-09	1.830000e-09	9.780000e-09	1.470000e-08	3.910000e-08	
2.680000e+01	1.860000e-10	5.160000e-09	1.810000e-09	9.700000e-09	1.450000e-08	3.870000e-08	
2.690000e+01	1.840000e-10	5.120000e-09	1.800000e-09	9.630000e-09	1.440000e-08	3.850000e-08	
2.700000e+01	4.400000e-10	1.279000e-08	4.280000e-09	2.626000e-08	2.680000e-08	8.470000e-08	
2.710000e+01	4.480000e-10	1.282000e-08	4.300000e-09	2.640000e-08	2.690000e-08	8.500000e-08	
2.720000e+01	4.440000e-10	1.282000e-08	4.300000e-09	2.650000e-08	2.690000e-08	8.520000e-08	
2.730000e+01	4.390000e-10	1.301000e-08	4.370000e-09	2.680000e-08	2.710000e-08	8.570000e-08	
2.740000e+01	1.990000e-10	5.540000e-09	1.940000e-09	1.040000e-08	1.560000e-08	4.160000e-08	
2.750000e+01	2.010000e-10	5.590000e-09	1.960000e-09	1.050000e-08	1.570000e-08	4.200000e-08	
2.760000e+01	2.050000e-10	5.690000e-09	2.000000e-09	1.070000e-08	1.610000e-08	4.280000e-08	
2.770000e+01	2.070000e-10	5.750000e-09	2.020000e-09	1.080000e-08	1.620000e-08	4.330000e-08	
2.780000e+01	2.090000e-10	5.790000e-09	2.030000e-09	1.090000e-08	1.630000e-08	4.350000e-08	
2.790000e+01	2.050000e-10	5.690000e-09	2.000000e-09	1.070000e-08	1.600000e-08	4.280000e-08	
2.800000e+01	2.070000e-10	5.760000e-09	2.020000e-09	1.080000e-08	1.620000e-08	4.330000e-08	
2.810000e+01	2.150000e-10	5.970000e-09	2.100000e-09	1.120000e-08	1.680000e-08	4.490000e-08	
2.820000e+01	2.200000e-10	6.100000e-09	2.140000e-09	1.150000e-08	1.720000e-08	4.580000e-08	
2.830000e+01	2.220000e-10	6.160000e-09	2.160000e-09	1.160000e-08	1.730000e-08	4.630000e-08	
2.840000e+01	2.280000e-10	6.330000e-09	2.220000e-09	1.190000e-08	1.790000e-08	4.760000e-08	
2.850000e+01	2.240000e-10	6.230000e-09	2.190000e-09	1.170000e-08	1.750000e-08	4.680000e-08	
2.860000e+01	2.300000e-10	6.390000e-09	2.240000e-09	1.200000e-08	1.800000e-08	4.800000e-08	
2.870000e+01	2.310000e-10	6.410000e-09	2.250000e-09	1.210000e-08	1.810000e-08	4.820000e-08	
2.880000e+01	2.310000e-10	6.420000e-09	2.250000e-09	1.210000e-08	1.810000e-08	4.820000e-08	
2.890000e+01	2.350000e-10	6.530000e-09	2.290000e-09	1.230000e-08	1.840000e-08	4.910000e-08	
2.900000e+01	2.240000e-10	6.220000e-09	2.180000e-09	1.170000e-08	1.750000e-08	4.670000e-08	
2.910000e+01	2.390000e-10	6.630000e-09	2.330000e-09	1.250000e-08	1.870000e-08	4.980000e-08	
2.920000e+01	2.350000e-10	6.520000e-09	2.290000e-09	1.230000e-08	1.840000e-08	4.900000e-08	
2.930000e+01	2.430000e-10	6.760000e-09	2.370000e-09	1.270000e-08	1.900000e-08	5.080000e-08	
2.940000e+01	2.470000e-10	6.870000e-09	2.410000e-09	1.290000e-08	1.940000e-08	5.170000e-08	
2.950000e+01	2.550000e-10	7.080000e-09	2.490000e-09	1.330000e-08	1.990000e-08	5.320000e-08	
2.960000e+01	2.500000e-10	6.930000e-09	2.430000e-09	1.300000e-08	1.950000e-08	5.210000e-08	
2.970000e+01	2.510000e-10	6.970000e-09	2.450000e-09	1.310000e-08	1.960000e-08	5.240000e-08	
2.980000e+01	2.570000e-10	7.150000e-09	2.510000e-09	1.350000e-08	2.010000e-08	5.380000e-08	
2.990000e+01	2.580000e-10	7.160000e-09	2.520000e-09	1.350000e-08	2.020000e-08	5.380000e-08	
3.000000e+01	2.610000e-10	7.240000e-09	2.540000e-09	1.360000e-08	2.040000e-08	5.440000e-08	
3.100000e+01	2.800000e-10	7.760000e-09	2.730000e-09	1.460000e-08	2.190000e-08	5.840000e-08	
3.200000e+01	2.990000e-10	8.310000e-09	2.920000e-09	1.560000e-08	2.340000e-08	6.250000e-08	
3.300000e+01	3.180000e-10	8.830000e-09	3.100000e-09	1.660000e-08	2.490000e-08	6.640000e-08	
3.500000e+01	3.430000e-10	9.540000e-09	3.350000e-09	1.790000e-08	2.690000e-08	7.170000e-08	
4.000000e+01	3.970000e-10	1.100000e-08	3.870000e-09	2.080000e-08	3.110000e-08	8.290000e-08	
4.500000e+01	4.690000e-10	1.590000e-08	5.640000e-09	3.000000e-08	3.860000e-08	1.080000e-07	
5.000000e+01	5.150000e-10	2.050000e-08	7.320000e-09	3.870000e-08	4.450000e-08	1.310000e-07	
5.500000e+01	5.630000e-10	2.320000e-08	8.300000e-09	4.410000e-08	4.930000e-08	1.490000e-07	
6.000000e+01	6.270000e-10	2.847000e-08	1.007800e-08	5.929000e-08	5.862000e-08	1.938000e-07	
7.000000e+01	7.510000e-10	3.210000e-08	1.160000e-08	6.230000e-08	6.660000e-08	2.150000e-07	
8.000000e+01	8.600000e-10	3.740000e-08	1.360000e-08	7.250000e-08	7.660000e-08	2.490000e-07	
1.000000e+02	1.090000e-09	4.830000e-08	1.750000e-08	9.280000e-08	9.690000e-08	3.200000e-07	
1.200000e+02	1.647000e-09	6.013000e-08	2.173000e-08	1.176000e-07	1.192000e-07	4.015000e-07	
