# Units are Msun
# M_init	xe126	xe128	xe129	xe130	xe131	xe132	xe134	
8	0	0	0	0	0	0	0	
9.000000e+00	1.796600e-10	4.226000e-09	4.122000e-08	8.270000e-09	3.345000e-08	4.270000e-08	1.552000e-08	
9.250000e+00	1.840500e-10	4.384000e-09	4.232000e-08	8.556000e-09	3.433000e-08	4.390000e-08	1.595600e-08	
9.500000e+00	2.055000e-10	4.483000e-09	4.333000e-08	8.725000e-09	3.522000e-08	4.511000e-08	1.659800e-08	
1.000000e+01	2.322300e-10	4.718000e-09	4.532000e-08	9.124000e-09	3.687000e-08	4.729000e-08	1.756500e-08	
1.025000e+01	2.521900e-10	4.787000e-09	4.631000e-08	9.413000e-09	3.776000e-08	4.848000e-08	1.816100e-08	
1.050000e+01	2.888100e-10	5.009000e-09	4.731000e-08	9.817000e-09	3.858000e-08	4.999000e-08	1.882600e-08	
1.075000e+01	3.399000e-10	5.141000e-09	4.833000e-08	9.941000e-09	3.950000e-08	5.101000e-08	1.953400e-08	
1.100000e+01	2.779400e-10	5.232000e-09	4.944000e-08	1.038200e-08	4.041000e-08	5.252000e-08	1.983800e-08	
1.125000e+01	3.010300e-10	5.354000e-09	5.072000e-08	1.062700e-08	4.143000e-08	5.399000e-08	2.073800e-08	
1.150000e+01	3.396000e-10	5.479000e-09	5.217000e-08	1.060500e-08	4.256000e-08	5.501000e-08	2.133000e-08	
1.175000e+01	3.017000e-10	5.573000e-09	5.274000e-08	1.108200e-08	4.319000e-08	5.626000e-08	2.179000e-08	
1.200000e+01	4.344000e-10	5.959000e-09	5.383000e-08	1.129300e-08	4.404000e-08	5.714000e-08	2.214000e-08	
1.225000e+01	4.599000e-10	5.630000e-09	5.451000e-08	1.062000e-08	4.455000e-08	5.742000e-08	2.308000e-08	
1.250000e+01	5.361000e-10	5.946000e-09	5.532000e-08	1.087000e-08	4.520000e-08	5.861000e-08	2.378000e-08	
1.275000e+01	5.599000e-10	6.141000e-09	5.631000e-08	1.121000e-08	4.616000e-08	5.990000e-08	2.395000e-08	
1.300000e+01	5.108000e-10	6.451000e-09	5.719000e-08	1.139000e-08	4.685000e-08	6.088000e-08	2.463000e-08	
1.310000e+01	6.312000e-10	6.463000e-09	5.741000e-08	1.196000e-08	4.724000e-08	6.216000e-08	2.503000e-08	
1.320000e+01	5.869000e-10	6.537000e-09	5.788000e-08	1.209000e-08	4.758000e-08	6.263000e-08	2.529000e-08	
1.330000e+01	6.455000e-10	6.538000e-09	5.842000e-08	1.213000e-08	4.809000e-08	6.327000e-08	2.546000e-08	
1.340000e+01	5.940000e-10	6.749000e-09	5.871000e-08	1.220000e-08	4.831000e-08	6.366000e-08	2.560000e-08	
1.350000e+01	5.893000e-10	6.724000e-09	5.902000e-08	1.235000e-08	4.856000e-08	6.407000e-08	2.602000e-08	
1.360000e+01	6.837000e-10	6.694000e-09	5.910000e-08	1.215000e-08	4.876000e-08	6.450000e-08	2.594000e-08	
1.370000e+01	6.913000e-10	6.675000e-09	5.960000e-08	1.233000e-08	4.917000e-08	6.497000e-08	2.620000e-08	
1.380000e+01	6.880000e-10	6.830000e-09	5.990000e-08	1.244000e-08	4.942000e-08	6.530000e-08	2.665000e-08	
1.390000e+01	6.705000e-10	6.778000e-09	6.062000e-08	1.249000e-08	4.990000e-08	6.596000e-08	2.663000e-08	
1.400000e+01	5.060000e-17	3.740000e-17	1.210000e-16	1.220000e-16	1.270000e-16	4.750000e-16	3.600000e-16	
1.410000e+01	7.048000e-10	6.876000e-09	6.100000e-08	1.271000e-08	5.038000e-08	6.650000e-08	2.791000e-08	
1.420000e+01	6.809000e-10	6.997000e-09	6.170000e-08	1.289000e-08	5.089000e-08	6.720000e-08	2.815000e-08	
1.430000e+01	7.064000e-10	6.948000e-09	6.210000e-08	1.285000e-08	5.120000e-08	6.740000e-08	2.839000e-08	
1.440000e+01	6.998000e-10	7.086000e-09	6.250000e-08	1.301000e-08	5.148000e-08	6.800000e-08	2.861000e-08	
1.450000e+01	7.001000e-10	7.420000e-09	6.260000e-08	1.346000e-08	5.150000e-08	6.820000e-08	2.859000e-08	
1.460000e+01	6.644000e-10	7.379000e-09	6.340000e-08	1.360000e-08	5.221000e-08	6.900000e-08	2.848000e-08	
1.470000e+01	7.222000e-10	7.555000e-09	6.370000e-08	1.375000e-08	5.227000e-08	6.920000e-08	2.893000e-08	
1.480000e+01	6.879000e-10	7.508000e-09	6.430000e-08	1.381000e-08	5.280000e-08	6.990000e-08	2.912000e-08	
1.490000e+01	6.976000e-10	7.581000e-09	6.470000e-08	1.380000e-08	5.313000e-08	7.030000e-08	2.949000e-08	
1.500000e+01	5.320000e-11	1.080000e-09	1.340000e-08	2.150000e-09	1.080000e-08	1.320000e-08	4.890000e-09	
1.510000e+01	4.810000e-11	9.740000e-10	1.210000e-08	1.940000e-09	9.760000e-09	1.190000e-08	4.420000e-09	
1.520000e+01	3.501000e-10	7.700000e-09	6.540000e-08	1.565000e-08	5.390000e-08	7.350000e-08	3.014000e-08	
1.530000e+01	4.840000e-11	9.790000e-10	1.220000e-08	1.960000e-09	9.810000e-09	1.200000e-08	4.450000e-09	
1.540000e+01	4.830000e-11	9.770000e-10	1.210000e-08	1.950000e-09	9.790000e-09	1.190000e-08	4.440000e-09	
1.550000e+01	4.930000e-11	9.980000e-10	1.240000e-08	1.990000e-09	1.000000e-08	1.220000e-08	4.530000e-09	
1.560000e+01	5.270000e-11	1.060000e-09	1.320000e-08	2.130000e-09	1.070000e-08	1.300000e-08	4.840000e-09	
1.570000e+01	2.968000e-10	7.970000e-09	6.730000e-08	1.646000e-08	5.550000e-08	7.610000e-08	3.133000e-08	
1.580000e+01	3.350000e-10	8.140000e-09	6.780000e-08	1.674000e-08	5.590000e-08	7.690000e-08	3.137000e-08	
1.590000e+01	5.190000e-11	1.050000e-09	1.300000e-08	2.100000e-09	1.050000e-08	1.280000e-08	4.770000e-09	
1.600000e+01	2.664000e-10	8.140000e-09	6.790000e-08	1.706000e-08	5.620000e-08	7.770000e-08	3.233000e-08	
1.610000e+01	4.454000e-10	8.210000e-09	6.900000e-08	1.712000e-08	5.700000e-08	7.840000e-08	3.221000e-08	
1.620000e+01	2.768000e-10	8.240000e-09	6.900000e-08	1.728000e-08	5.700000e-08	7.880000e-08	3.261000e-08	
1.630000e+01	2.772000e-10	8.230000e-09	6.960000e-08	1.729000e-08	5.750000e-08	7.940000e-08	3.278000e-08	
1.640000e+01	2.739000e-10	8.280000e-09	7.000000e-08	1.738000e-08	5.770000e-08	7.980000e-08	3.315000e-08	
1.650000e+01	2.737000e-10	8.340000e-09	7.030000e-08	1.745000e-08	5.810000e-08	8.030000e-08	3.352000e-08	
1.660000e+01	2.748000e-10	8.390000e-09	7.050000e-08	1.756000e-08	5.820000e-08	8.070000e-08	3.379000e-08	
1.670000e+01	2.765000e-10	8.430000e-09	7.100000e-08	1.756000e-08	5.870000e-08	8.120000e-08	3.407000e-08	
1.680000e+01	2.780000e-10	8.470000e-09	7.140000e-08	1.774000e-08	5.890000e-08	8.160000e-08	3.423000e-08	
1.690000e+01	2.800000e-10	8.530000e-09	7.170000e-08	1.788000e-08	5.930000e-08	8.220000e-08	3.462000e-08	
1.700000e+01	2.809000e-10	8.560000e-09	7.220000e-08	1.782000e-08	5.960000e-08	8.250000e-08	3.491000e-08	
1.710000e+01	2.828000e-10	8.600000e-09	7.250000e-08	1.796000e-08	5.990000e-08	8.290000e-08	3.519000e-08	
1.720000e+01	6.340000e-11	1.280000e-09	1.590000e-08	2.560000e-09	1.280000e-08	1.570000e-08	5.820000e-09	
1.730000e+01	7.429000e-10	9.550000e-09	7.360000e-08	1.850000e-08	6.070000e-08	8.590000e-08	3.389000e-08	
1.740000e+01	7.409000e-10	9.530000e-09	7.370000e-08	1.869000e-08	6.090000e-08	8.670000e-08	3.403000e-08	
1.750000e+01	7.410000e-10	9.700000e-09	7.420000e-08	1.893000e-08	6.150000e-08	8.720000e-08	3.397000e-08	
1.760000e+01	7.647000e-10	9.750000e-09	7.470000e-08	1.881000e-08	6.180000e-08	8.770000e-08	3.434000e-08	
1.770000e+01	6.760000e-11	1.370000e-09	1.700000e-08	2.730000e-09	1.370000e-08	1.670000e-08	6.220000e-09	
1.780000e+01	6.680000e-11	1.350000e-09	1.680000e-08	2.700000e-09	1.350000e-08	1.650000e-08	6.140000e-09	
1.790000e+01	9.740000e-10	9.710000e-09	7.580000e-08	1.861000e-08	6.240000e-08	8.910000e-08	3.396000e-08	
1.800000e+01	6.810000e-11	1.380000e-09	1.710000e-08	2.750000e-09	1.380000e-08	1.680000e-08	6.250000e-09	
1.810000e+01	9.604000e-10	9.980000e-09	7.660000e-08	1.902000e-08	6.310000e-08	8.990000e-08	3.430000e-08	
1.820000e+01	9.616000e-10	9.950000e-09	7.700000e-08	1.905000e-08	6.340000e-08	9.090000e-08	3.448000e-08	
1.830000e+01	9.528000e-10	1.013000e-08	7.730000e-08	1.932000e-08	6.360000e-08	9.100000e-08	3.482000e-08	
1.840000e+01	9.412000e-10	1.018000e-08	7.750000e-08	1.942000e-08	6.390000e-08	9.140000e-08	3.503000e-08	
1.850000e+01	6.910000e-10	1.001000e-08	7.820000e-08	1.959000e-08	6.430000e-08	9.440000e-08	3.626000e-08	
1.860000e+01	7.450000e-11	1.510000e-09	1.870000e-08	3.010000e-09	1.510000e-08	1.840000e-08	6.840000e-09	
1.870000e+01	7.580000e-11	1.530000e-09	1.900000e-08	3.060000e-09	1.540000e-08	1.870000e-08	6.960000e-09	
1.880000e+01	8.490000e-11	1.720000e-09	2.130000e-08	3.430000e-09	1.720000e-08	2.100000e-08	7.800000e-09	
1.890000e+01	8.570000e-11	1.730000e-09	2.150000e-08	3.460000e-09	1.740000e-08	2.120000e-08	7.870000e-09	
1.900000e+01	7.770000e-11	1.570000e-09	1.950000e-08	3.140000e-09	1.570000e-08	1.920000e-08	7.140000e-09	
1.910000e+01	7.830000e-11	1.580000e-09	1.970000e-08	3.160000e-09	1.590000e-08	1.940000e-08	7.190000e-09	
1.920000e+01	4.062000e-10	1.016000e-08	8.050000e-08	2.118000e-08	6.710000e-08	9.570000e-08	3.786000e-08	
1.930000e+01	5.256000e-10	1.060000e-08	8.120000e-08	2.178000e-08	6.780000e-08	9.730000e-08	3.628000e-08	
1.940000e+01	8.580000e-11	1.730000e-09	2.160000e-08	3.470000e-09	1.740000e-08	2.120000e-08	7.880000e-09	
1.950000e+01	8.510000e-11	1.720000e-09	2.140000e-08	3.440000e-09	1.720000e-08	2.100000e-08	7.820000e-09	
1.960000e+01	8.770000e-11	1.770000e-09	2.200000e-08	3.540000e-09	1.780000e-08	2.170000e-08	8.060000e-09	
1.970000e+01	6.237600e-09	1.637000e-08	8.200000e-08	2.354000e-08	6.860000e-08	9.240000e-08	3.155000e-08	
1.980000e+01	2.567700e-09	1.647000e-08	8.140000e-08	2.464000e-08	6.720000e-08	9.340000e-08	3.396000e-08	
1.990000e+01	8.980000e-11	1.820000e-09	2.260000e-08	3.630000e-09	1.820000e-08	2.220000e-08	8.250000e-09	
2.000000e+01	9.220000e-11	1.870000e-09	2.320000e-08	3.720000e-09	1.870000e-08	2.280000e-08	8.470000e-09	
2.010000e+01	1.123300e-09	1.063000e-08	8.290000e-08	2.077000e-08	6.860000e-08	9.710000e-08	3.957000e-08	
2.020000e+01	3.306900e-09	1.646000e-08	8.330000e-08	2.522000e-08	6.880000e-08	9.710000e-08	3.331000e-08	
2.030000e+01	9.972000e-10	1.150000e-08	8.390000e-08	2.241000e-08	6.970000e-08	9.990000e-08	3.616000e-08	
2.040000e+01	5.979200e-09	1.741000e-08	8.400000e-08	2.541000e-08	7.030000e-08	9.630000e-08	3.251000e-08	
2.050000e+01	1.517900e-09	1.428000e-08	8.440000e-08	2.705000e-08	6.920000e-08	1.009000e-07	3.379000e-08	
2.060000e+01	1.100000e-10	2.220000e-09	2.760000e-08	4.430000e-09	2.220000e-08	2.710000e-08	1.010000e-08	
2.070000e+01	1.060000e-10	2.140000e-09	2.660000e-08	4.270000e-09	2.140000e-08	2.610000e-08	9.710000e-09	
2.080000e+01	7.590000e-10	1.161000e-08	8.620000e-08	2.379000e-08	7.190000e-08	1.064000e-07	3.846000e-08	
2.090000e+01	1.040000e-10	2.100000e-09	2.610000e-08	4.190000e-09	2.100000e-08	2.560000e-08	9.530000e-09	
2.100000e+01	7.270000e-10	1.229000e-08	8.700000e-08	2.458000e-08	7.310000e-08	1.070000e-07	3.896000e-08	
2.110000e+01	7.290000e-10	1.231000e-08	8.740000e-08	2.461000e-08	7.330000e-08	1.072000e-07	3.950000e-08	
2.120000e+01	7.710000e-10	1.216000e-08	8.750000e-08	2.403000e-08	7.320000e-08	1.063000e-07	3.945000e-08	
2.130000e+01	1.110000e-10	2.240000e-09	2.790000e-08	4.480000e-09	2.250000e-08	2.740000e-08	1.020000e-08	
2.140000e+01	1.160000e-10	2.350000e-09	2.920000e-08	4.700000e-09	2.360000e-08	2.880000e-08	1.070000e-08	
2.150000e+01	3.470000e-10	1.137000e-08	8.810000e-08	2.410000e-08	7.380000e-08	1.073000e-07	4.270000e-08	
2.160000e+01	3.420000e-10	1.133000e-08	8.870000e-08	2.403000e-08	7.410000e-08	1.074000e-07	4.320000e-08	
2.170000e+01	1.180000e-10	2.380000e-09	2.960000e-08	4.760000e-09	2.390000e-08	2.920000e-08	1.080000e-08	
2.180000e+01	1.210000e-10	2.450000e-09	3.050000e-08	4.900000e-09	2.460000e-08	3.000000e-08	1.120000e-08	
2.190000e+01	1.200000e-10	2.420000e-09	3.010000e-08	4.830000e-09	2.420000e-08	2.960000e-08	1.100000e-08	
2.200000e+01	1.280000e-10	2.600000e-09	3.230000e-08	5.190000e-09	2.600000e-08	3.180000e-08	1.180000e-08	
2.210000e+01	1.290000e-10	2.610000e-09	3.240000e-08	5.210000e-09	2.610000e-08	3.190000e-08	1.180000e-08	
2.220000e+01	1.260000e-10	2.550000e-09	3.170000e-08	5.100000e-09	2.560000e-08	3.120000e-08	1.160000e-08	
2.230000e+01	1.320000e-10	2.660000e-09	3.310000e-08	5.320000e-09	2.670000e-08	3.260000e-08	1.210000e-08	
2.240000e+01	1.340000e-10	2.700000e-09	3.360000e-08	5.400000e-09	2.710000e-08	3.300000e-08	1.230000e-08	
2.250000e+01	1.360000e-10	2.760000e-09	3.420000e-08	5.510000e-09	2.760000e-08	3.370000e-08	1.250000e-08	
2.260000e+01	1.360000e-10	2.740000e-09	3.410000e-08	5.480000e-09	2.750000e-08	3.360000e-08	1.250000e-08	
2.270000e+01	1.400000e-10	2.840000e-09	3.520000e-08	5.670000e-09	2.840000e-08	3.470000e-08	1.290000e-08	
2.280000e+01	1.450000e-10	2.940000e-09	3.650000e-08	5.870000e-09	2.940000e-08	3.590000e-08	1.330000e-08	
2.290000e+01	1.440000e-10	2.910000e-09	3.610000e-08	5.800000e-09	2.910000e-08	3.550000e-08	1.320000e-08	
2.300000e+01	1.450000e-10	2.930000e-09	3.650000e-08	5.860000e-09	2.940000e-08	3.590000e-08	1.330000e-08	
2.310000e+01	1.470000e-10	2.980000e-09	3.700000e-08	5.950000e-09	2.990000e-08	3.640000e-08	1.350000e-08	
2.320000e+01	1.500000e-10	3.030000e-09	3.770000e-08	6.060000e-09	3.040000e-08	3.710000e-08	1.380000e-08	
2.330000e+01	1.500000e-10	3.040000e-09	3.780000e-08	6.070000e-09	3.050000e-08	3.720000e-08	1.380000e-08	
2.340000e+01	1.540000e-10	3.110000e-09	3.860000e-08	6.210000e-09	3.120000e-08	3.800000e-08	1.410000e-08	
2.350000e+01	1.540000e-10	3.120000e-09	3.870000e-08	6.220000e-09	3.120000e-08	3.810000e-08	1.410000e-08	
2.360000e+01	1.660000e-10	3.360000e-09	4.170000e-08	6.700000e-09	3.360000e-08	4.100000e-08	1.520000e-08	
2.370000e+01	1.650000e-10	3.340000e-09	4.140000e-08	6.660000e-09	3.340000e-08	4.080000e-08	1.520000e-08	
2.380000e+01	1.720000e-10	3.480000e-09	4.320000e-08	6.950000e-09	3.490000e-08	4.250000e-08	1.580000e-08	
2.390000e+01	1.650000e-10	3.340000e-09	4.150000e-08	6.680000e-09	3.350000e-08	4.080000e-08	1.520000e-08	
2.400000e+01	1.760000e-10	3.570000e-09	4.430000e-08	7.120000e-09	3.570000e-08	4.360000e-08	1.620000e-08	
2.410000e+01	1.720000e-10	3.470000e-09	4.320000e-08	6.940000e-09	3.480000e-08	4.250000e-08	1.580000e-08	
2.420000e+01	1.990000e-10	4.030000e-09	5.000000e-08	8.040000e-09	4.040000e-08	4.920000e-08	1.830000e-08	
2.430000e+01	1.760000e-10	3.570000e-09	4.430000e-08	7.130000e-09	3.570000e-08	4.360000e-08	1.620000e-08	
2.440000e+01	1.870000e-10	3.780000e-09	4.700000e-08	7.550000e-09	3.790000e-08	4.620000e-08	1.720000e-08	
2.450000e+01	1.890000e-10	3.820000e-09	4.750000e-08	7.640000e-09	3.830000e-08	4.670000e-08	1.740000e-08	
2.460000e+01	1.920000e-10	3.880000e-09	4.820000e-08	7.750000e-09	3.890000e-08	4.740000e-08	1.760000e-08	
2.470000e+01	1.990000e-10	4.020000e-09	5.000000e-08	8.040000e-09	4.030000e-08	4.920000e-08	1.830000e-08	
2.480000e+01	1.910000e-10	3.860000e-09	4.790000e-08	7.710000e-09	3.860000e-08	4.710000e-08	1.750000e-08	
2.490000e+01	1.950000e-10	3.940000e-09	4.900000e-08	7.880000e-09	3.950000e-08	4.820000e-08	1.790000e-08	
2.500000e+01	2.030000e-10	4.110000e-09	5.110000e-08	8.210000e-09	4.120000e-08	5.030000e-08	1.870000e-08	
2.510000e+01	2.060000e-10	4.170000e-09	5.170000e-08	8.320000e-09	4.170000e-08	5.090000e-08	1.890000e-08	
2.520000e+01	1.132500e-08	1.975000e-08	1.009000e-07	2.759000e-08	8.620000e-08	1.181000e-07	4.150000e-08	
2.530000e+01	2.010000e-10	4.060000e-09	5.040000e-08	8.110000e-09	4.070000e-08	4.960000e-08	1.840000e-08	
2.540000e+01	7.007000e-09	1.759000e-08	1.015000e-07	2.758000e-08	8.560000e-08	1.192000e-07	4.430000e-08	
2.550000e+01	9.593000e-09	1.922000e-08	1.022000e-07	2.773000e-08	8.660000e-08	1.191000e-07	4.420000e-08	
2.560000e+01	1.402000e-09	1.559000e-08	1.016000e-07	3.508000e-08	8.350000e-08	1.272000e-07	4.260000e-08	
2.570000e+01	4.458000e-09	2.452000e-08	1.021000e-07	3.763000e-08	8.420000e-08	1.239000e-07	4.180000e-08	
2.580000e+01	4.449000e-09	2.293000e-08	1.027000e-07	3.484000e-08	8.520000e-08	1.224000e-07	4.150000e-08	
2.590000e+01	2.272000e-09	1.619000e-08	1.030000e-07	2.927000e-08	8.620000e-08	1.245000e-07	4.150000e-08	
2.600000e+01	1.604000e-09	1.594000e-08	1.034000e-07	3.016000e-08	8.670000e-08	1.272000e-07	4.200000e-08	
2.610000e+01	1.416000e-09	1.588000e-08	1.038000e-07	3.044000e-08	8.710000e-08	1.282000e-07	4.230000e-08	
2.620000e+01	1.440000e-09	1.596000e-08	1.042000e-07	3.070000e-08	8.740000e-08	1.289000e-07	4.230000e-08	
2.630000e+01	1.255000e-09	1.606000e-08	1.047000e-07	3.120000e-08	8.800000e-08	1.308000e-07	4.280000e-08	
2.640000e+01	1.197000e-09	1.606000e-08	1.049000e-07	3.160000e-08	8.820000e-08	1.320000e-07	4.310000e-08	
2.650000e+01	1.231000e-09	1.609000e-08	1.055000e-07	3.157000e-08	8.870000e-08	1.322000e-07	4.320000e-08	
2.660000e+01	2.510000e-10	5.070000e-09	6.300000e-08	1.010000e-08	5.080000e-08	6.200000e-08	2.300000e-08	
2.670000e+01	2.580000e-10	5.230000e-09	6.490000e-08	1.040000e-08	5.230000e-08	6.380000e-08	2.370000e-08	
2.680000e+01	2.560000e-10	5.180000e-09	6.440000e-08	1.040000e-08	5.190000e-08	6.330000e-08	2.350000e-08	
2.690000e+01	2.540000e-10	5.150000e-09	6.390000e-08	1.030000e-08	5.150000e-08	6.290000e-08	2.340000e-08	
2.700000e+01	9.230000e-10	1.622000e-08	1.075000e-07	3.200000e-08	9.040000e-08	1.361000e-07	4.470000e-08	
2.710000e+01	9.560000e-10	1.638000e-08	1.077000e-07	3.260000e-08	9.070000e-08	1.368000e-07	4.510000e-08	
2.720000e+01	9.450000e-10	1.636000e-08	1.082000e-07	3.260000e-08	9.110000e-08	1.372000e-07	4.500000e-08	
2.730000e+01	9.080000e-10	1.660000e-08	1.085000e-07	3.280000e-08	9.130000e-08	1.380000e-07	4.540000e-08	
2.740000e+01	2.750000e-10	5.570000e-09	6.910000e-08	1.110000e-08	5.570000e-08	6.800000e-08	2.530000e-08	
2.750000e+01	2.770000e-10	5.620000e-09	6.970000e-08	1.120000e-08	5.620000e-08	6.860000e-08	2.550000e-08	
2.760000e+01	2.830000e-10	5.730000e-09	7.110000e-08	1.140000e-08	5.730000e-08	7.000000e-08	2.600000e-08	
2.770000e+01	2.860000e-10	5.790000e-09	7.180000e-08	1.160000e-08	5.790000e-08	7.070000e-08	2.630000e-08	
2.780000e+01	2.880000e-10	5.830000e-09	7.230000e-08	1.160000e-08	5.830000e-08	7.110000e-08	2.640000e-08	
2.790000e+01	2.830000e-10	5.730000e-09	7.100000e-08	1.140000e-08	5.730000e-08	6.990000e-08	2.600000e-08	
2.800000e+01	2.860000e-10	5.790000e-09	7.190000e-08	1.160000e-08	5.800000e-08	7.070000e-08	2.630000e-08	
2.810000e+01	2.960000e-10	6.010000e-09	7.450000e-08	1.200000e-08	6.010000e-08	7.330000e-08	2.720000e-08	
2.820000e+01	3.030000e-10	6.140000e-09	7.610000e-08	1.230000e-08	6.140000e-08	7.490000e-08	2.780000e-08	
2.830000e+01	3.060000e-10	6.190000e-09	7.680000e-08	1.240000e-08	6.190000e-08	7.560000e-08	2.810000e-08	
2.840000e+01	3.140000e-10	6.370000e-09	7.900000e-08	1.270000e-08	6.370000e-08	7.780000e-08	2.890000e-08	
2.850000e+01	3.090000e-10	6.260000e-09	7.770000e-08	1.250000e-08	6.260000e-08	7.640000e-08	2.840000e-08	
2.860000e+01	3.170000e-10	6.430000e-09	7.970000e-08	1.280000e-08	6.430000e-08	7.850000e-08	2.910000e-08	
2.870000e+01	3.180000e-10	6.450000e-09	8.000000e-08	1.290000e-08	6.450000e-08	7.870000e-08	2.930000e-08	
2.880000e+01	3.190000e-10	6.460000e-09	8.010000e-08	1.290000e-08	6.460000e-08	7.880000e-08	2.930000e-08	
2.890000e+01	3.240000e-10	6.570000e-09	8.150000e-08	1.310000e-08	6.570000e-08	8.020000e-08	2.980000e-08	
2.900000e+01	3.090000e-10	6.260000e-09	7.760000e-08	1.250000e-08	6.260000e-08	7.640000e-08	2.840000e-08	
2.910000e+01	3.290000e-10	6.680000e-09	8.280000e-08	1.330000e-08	6.670000e-08	8.150000e-08	3.030000e-08	
2.920000e+01	3.240000e-10	6.570000e-09	8.140000e-08	1.310000e-08	6.570000e-08	8.010000e-08	2.980000e-08	
2.930000e+01	3.360000e-10	6.800000e-09	8.430000e-08	1.360000e-08	6.800000e-08	8.300000e-08	3.090000e-08	
2.940000e+01	3.410000e-10	6.920000e-09	8.570000e-08	1.380000e-08	6.920000e-08	8.440000e-08	3.140000e-08	
2.950000e+01	3.510000e-10	7.120000e-09	8.830000e-08	1.420000e-08	7.120000e-08	8.690000e-08	3.230000e-08	
2.960000e+01	3.440000e-10	6.980000e-09	8.650000e-08	1.390000e-08	6.980000e-08	8.520000e-08	3.160000e-08	
2.970000e+01	3.460000e-10	7.020000e-09	8.700000e-08	1.400000e-08	7.010000e-08	8.560000e-08	3.180000e-08	
2.980000e+01	3.550000e-10	7.200000e-09	8.920000e-08	1.440000e-08	7.200000e-08	8.780000e-08	3.260000e-08	
2.990000e+01	3.560000e-10	7.210000e-09	8.940000e-08	1.440000e-08	7.210000e-08	8.800000e-08	3.270000e-08	
3.000000e+01	3.590000e-10	7.290000e-09	9.030000e-08	1.450000e-08	7.290000e-08	8.890000e-08	3.300000e-08	
3.100000e+01	3.860000e-10	7.820000e-09	9.690000e-08	1.560000e-08	7.810000e-08	9.540000e-08	3.540000e-08	
3.200000e+01	4.130000e-10	8.370000e-09	1.040000e-07	1.670000e-08	8.360000e-08	1.020000e-07	3.790000e-08	
3.300000e+01	4.390000e-10	8.900000e-09	1.100000e-07	1.780000e-08	8.890000e-08	1.080000e-07	4.030000e-08	
3.500000e+01	4.740000e-10	9.610000e-09	1.190000e-07	1.920000e-08	9.600000e-08	1.170000e-07	4.350000e-08	
4.000000e+01	5.470000e-10	1.110000e-08	1.380000e-07	2.220000e-08	1.110000e-07	1.350000e-07	5.030000e-08	
4.500000e+01	6.470000e-10	1.630000e-08	1.640000e-07	3.310000e-08	1.340000e-07	1.800000e-07	6.120000e-08	
5.000000e+01	7.100000e-10	2.220000e-08	1.840000e-07	5.220000e-08	1.560000e-07	2.520000e-07	7.390000e-08	
5.500000e+01	7.770000e-10	2.630000e-08	2.030000e-07	6.600000e-08	1.750000e-07	2.980000e-07	8.390000e-08	
6.000000e+01	8.691000e-10	4.234000e-08	2.365000e-07	1.167000e-07	2.125000e-07	3.801000e-07	1.161000e-07	
7.000000e+01	1.050000e-09	5.350000e-08	2.820000e-07	1.400000e-07	2.500000e-07	4.180000e-07	1.240000e-07	
8.000000e+01	1.200000e-09	6.380000e-08	3.240000e-07	1.670000e-07	2.880000e-07	4.850000e-07	1.440000e-07	
1.000000e+02	1.520000e-09	8.830000e-08	4.110000e-07	2.210000e-07	3.650000e-07	6.160000e-07	1.840000e-07	
1.200000e+02	2.462000e-09	1.120000e-07	4.976000e-07	2.782000e-07	4.453000e-07	7.732000e-07	2.300000e-07	
