# Units are Msun
# M_init	fe54	fe56	fe57	fe58	
8	0	0	0	0	
10	0.000000e+00	0.000000e+00	0.000000e+00	0.000000e+00	
13	1.918200e-03	8.317100e-02	2.219800e-03	1.212900e-04	
15	2.459300e-03	8.514700e-02	1.985300e-03	1.095600e-04	
18	2.488000e-03	8.723000e-02	2.671800e-03	5.862500e-04	
20	2.222800e-03	8.865300e-02	2.340500e-03	4.957100e-04	
25	2.625300e-03	8.455800e-02	8.790700e-04	8.906800e-04	
30	6.870400e-03	9.180800e-02	2.822800e-03	2.392900e-03	
40	6.416100e-03	8.079800e-02	9.749100e-04	1.483800e-03	
