# Units are Msun
# M_init	ag107	ag109	
8	0	0	
9.000000e+00	5.963000e-09	5.632000e-09	
9.250000e+00	6.117000e-09	5.785000e-09	
9.500000e+00	6.314000e-09	5.941000e-09	
1.000000e+01	6.630000e-09	6.235000e-09	
1.025000e+01	6.788000e-09	6.384000e-09	
1.050000e+01	6.905000e-09	6.531000e-09	
1.075000e+01	7.068000e-09	6.684000e-09	
1.100000e+01	7.199000e-09	6.836000e-09	
1.125000e+01	7.378000e-09	7.013000e-09	
1.150000e+01	7.595000e-09	7.203000e-09	
1.175000e+01	7.678000e-09	7.315000e-09	
1.200000e+01	7.846000e-09	7.448000e-09	
1.225000e+01	8.110000e-09	7.550000e-09	
1.250000e+01	8.250000e-09	7.689000e-09	
1.275000e+01	8.350000e-09	7.820000e-09	
1.300000e+01	8.480000e-09	7.950000e-09	
1.310000e+01	8.390000e-09	7.950000e-09	
1.320000e+01	8.450000e-09	8.010000e-09	
1.330000e+01	8.540000e-09	8.100000e-09	
1.340000e+01	8.600000e-09	8.140000e-09	
1.350000e+01	8.640000e-09	8.180000e-09	
1.360000e+01	8.770000e-09	8.220000e-09	
1.370000e+01	8.820000e-09	8.290000e-09	
1.380000e+01	8.810000e-09	8.310000e-09	
1.390000e+01	8.960000e-09	8.420000e-09	
1.400000e+01	2.630000e-15	5.150000e-15	
1.410000e+01	8.930000e-09	8.460000e-09	
1.420000e+01	9.000000e-09	8.550000e-09	
1.430000e+01	9.070000e-09	8.600000e-09	
1.440000e+01	9.130000e-09	8.650000e-09	
1.450000e+01	9.120000e-09	8.690000e-09	
1.460000e+01	9.240000e-09	8.790000e-09	
1.470000e+01	9.270000e-09	8.840000e-09	
1.480000e+01	9.330000e-09	8.890000e-09	
1.490000e+01	9.400000e-09	8.950000e-09	
1.500000e+01	1.910000e-09	1.810000e-09	
1.510000e+01	1.730000e-09	1.640000e-09	
1.520000e+01	9.550000e-09	9.200000e-09	
1.530000e+01	1.740000e-09	1.640000e-09	
1.540000e+01	1.730000e-09	1.640000e-09	
1.550000e+01	1.770000e-09	1.680000e-09	
1.560000e+01	1.890000e-09	1.790000e-09	
1.570000e+01	9.840000e-09	9.510000e-09	
1.580000e+01	9.900000e-09	9.570000e-09	
1.590000e+01	1.860000e-09	1.760000e-09	
1.600000e+01	9.940000e-09	9.620000e-09	
1.610000e+01	1.007000e-08	9.760000e-09	
1.620000e+01	1.009000e-08	9.770000e-09	
1.630000e+01	1.017000e-08	9.850000e-09	
1.640000e+01	1.022000e-08	9.900000e-09	
1.650000e+01	1.028000e-08	9.950000e-09	
1.660000e+01	1.032000e-08	9.990000e-09	
1.670000e+01	1.038000e-08	1.006000e-08	
1.680000e+01	1.044000e-08	1.012000e-08	
1.690000e+01	1.049000e-08	1.018000e-08	
1.700000e+01	1.056000e-08	1.024000e-08	
1.710000e+01	1.061000e-08	1.029000e-08	
1.720000e+01	2.270000e-09	2.150000e-09	
1.730000e+01	1.066000e-08	1.032000e-08	
1.740000e+01	1.068000e-08	1.035000e-08	
1.750000e+01	1.077000e-08	1.047000e-08	
1.760000e+01	1.084000e-08	1.051000e-08	
1.770000e+01	2.430000e-09	2.300000e-09	
1.780000e+01	2.400000e-09	2.270000e-09	
1.790000e+01	1.097000e-08	1.059000e-08	
1.800000e+01	2.440000e-09	2.310000e-09	
1.810000e+01	1.108000e-08	1.068000e-08	
1.820000e+01	1.114000e-08	1.075000e-08	
1.830000e+01	1.117000e-08	1.079000e-08	
1.840000e+01	1.123000e-08	1.084000e-08	
1.850000e+01	1.126000e-08	1.095000e-08	
1.860000e+01	2.670000e-09	2.530000e-09	
1.870000e+01	2.720000e-09	2.570000e-09	
1.880000e+01	3.050000e-09	2.880000e-09	
1.890000e+01	3.080000e-09	2.910000e-09	
1.900000e+01	2.790000e-09	2.640000e-09	
1.910000e+01	2.810000e-09	2.660000e-09	
1.920000e+01	1.187000e-08	1.164000e-08	
1.930000e+01	1.200000e-08	1.177000e-08	
1.940000e+01	3.080000e-09	2.910000e-09	
1.950000e+01	3.050000e-09	2.890000e-09	
1.960000e+01	3.150000e-09	2.980000e-09	
1.970000e+01	1.211000e-08	1.183000e-08	
1.980000e+01	1.204000e-08	1.181000e-08	
1.990000e+01	3.220000e-09	3.050000e-09	
2.000000e+01	3.310000e-09	3.130000e-09	
2.010000e+01	1.209000e-08	1.171000e-08	
2.020000e+01	1.212000e-08	1.190000e-08	
2.030000e+01	1.237000e-08	1.220000e-08	
2.040000e+01	1.241000e-08	1.220000e-08	
2.050000e+01	1.236000e-08	1.219000e-08	
2.060000e+01	3.940000e-09	3.730000e-09	
2.070000e+01	3.790000e-09	3.590000e-09	
2.080000e+01	1.264000e-08	1.249000e-08	
2.090000e+01	3.720000e-09	3.520000e-09	
2.100000e+01	1.292000e-08	1.283000e-08	
2.110000e+01	1.297000e-08	1.289000e-08	
2.120000e+01	1.297000e-08	1.284000e-08	
2.130000e+01	3.980000e-09	3.770000e-09	
2.140000e+01	4.180000e-09	3.950000e-09	
2.150000e+01	1.310000e-08	1.298000e-08	
2.160000e+01	1.318000e-08	1.306000e-08	
2.170000e+01	4.230000e-09	4.010000e-09	
2.180000e+01	4.360000e-09	4.120000e-09	
2.190000e+01	4.290000e-09	4.060000e-09	
2.200000e+01	4.610000e-09	4.360000e-09	
2.210000e+01	4.630000e-09	4.380000e-09	
2.220000e+01	4.530000e-09	4.280000e-09	
2.230000e+01	4.730000e-09	4.470000e-09	
2.240000e+01	4.800000e-09	4.540000e-09	
2.250000e+01	4.890000e-09	4.630000e-09	
2.260000e+01	4.870000e-09	4.610000e-09	
2.270000e+01	5.030000e-09	4.760000e-09	
2.280000e+01	5.210000e-09	4.930000e-09	
2.290000e+01	5.160000e-09	4.880000e-09	
2.300000e+01	5.210000e-09	4.930000e-09	
2.310000e+01	5.290000e-09	5.000000e-09	
2.320000e+01	5.390000e-09	5.100000e-09	
2.330000e+01	5.390000e-09	5.100000e-09	
2.340000e+01	5.520000e-09	5.220000e-09	
2.350000e+01	5.530000e-09	5.230000e-09	
2.360000e+01	5.950000e-09	5.630000e-09	
2.370000e+01	5.920000e-09	5.600000e-09	
2.380000e+01	6.170000e-09	5.840000e-09	
2.390000e+01	5.930000e-09	5.610000e-09	
2.400000e+01	6.330000e-09	5.990000e-09	
2.410000e+01	6.170000e-09	5.830000e-09	
2.420000e+01	7.150000e-09	6.760000e-09	
2.430000e+01	6.330000e-09	5.990000e-09	
2.440000e+01	6.710000e-09	6.350000e-09	
2.450000e+01	6.790000e-09	6.420000e-09	
2.460000e+01	6.880000e-09	6.510000e-09	
2.470000e+01	7.140000e-09	6.750000e-09	
2.480000e+01	6.840000e-09	6.470000e-09	
2.490000e+01	7.000000e-09	6.620000e-09	
2.500000e+01	7.300000e-09	6.900000e-09	
2.510000e+01	7.390000e-09	6.990000e-09	
2.520000e+01	1.556000e-08	1.522000e-08	
2.530000e+01	7.200000e-09	6.810000e-09	
2.540000e+01	1.602000e-08	1.543000e-08	
2.550000e+01	1.588000e-08	1.544000e-08	
2.560000e+01	1.501000e-08	1.477000e-08	
2.570000e+01	1.496000e-08	1.513000e-08	
2.580000e+01	1.541000e-08	1.561000e-08	
2.590000e+01	1.671000e-08	1.568000e-08	
2.600000e+01	1.608000e-08	1.568000e-08	
2.610000e+01	1.606000e-08	1.574000e-08	
2.620000e+01	1.609000e-08	1.581000e-08	
2.630000e+01	1.607000e-08	1.592000e-08	
2.640000e+01	1.611000e-08	1.600000e-08	
2.650000e+01	1.619000e-08	1.607000e-08	
2.660000e+01	8.990000e-09	8.510000e-09	
2.670000e+01	9.270000e-09	8.770000e-09	
2.680000e+01	9.190000e-09	8.690000e-09	
2.690000e+01	9.130000e-09	8.630000e-09	
2.700000e+01	1.659000e-08	1.644000e-08	
2.710000e+01	1.663000e-08	1.649000e-08	
2.720000e+01	1.672000e-08	1.659000e-08	
2.730000e+01	1.678000e-08	1.664000e-08	
2.740000e+01	9.870000e-09	9.340000e-09	
2.750000e+01	9.960000e-09	9.420000e-09	
2.760000e+01	1.010000e-08	9.600000e-09	
2.770000e+01	1.030000e-08	9.700000e-09	
2.780000e+01	1.030000e-08	9.770000e-09	
2.790000e+01	1.010000e-08	9.600000e-09	
2.800000e+01	1.030000e-08	9.710000e-09	
2.810000e+01	1.060000e-08	1.010000e-08	
2.820000e+01	1.090000e-08	1.030000e-08	
2.830000e+01	1.100000e-08	1.040000e-08	
2.840000e+01	1.130000e-08	1.070000e-08	
2.850000e+01	1.110000e-08	1.050000e-08	
2.860000e+01	1.140000e-08	1.080000e-08	
2.870000e+01	1.140000e-08	1.080000e-08	
2.880000e+01	1.140000e-08	1.080000e-08	
2.890000e+01	1.160000e-08	1.100000e-08	
2.900000e+01	1.110000e-08	1.050000e-08	
2.910000e+01	1.180000e-08	1.120000e-08	
2.920000e+01	1.160000e-08	1.100000e-08	
2.930000e+01	1.210000e-08	1.140000e-08	
2.940000e+01	1.230000e-08	1.160000e-08	
2.950000e+01	1.260000e-08	1.190000e-08	
2.960000e+01	1.240000e-08	1.170000e-08	
2.970000e+01	1.240000e-08	1.170000e-08	
2.980000e+01	1.280000e-08	1.210000e-08	
2.990000e+01	1.280000e-08	1.210000e-08	
3.000000e+01	1.290000e-08	1.220000e-08	
3.100000e+01	1.380000e-08	1.310000e-08	
3.200000e+01	1.480000e-08	1.400000e-08	
3.300000e+01	1.570000e-08	1.490000e-08	
3.500000e+01	1.700000e-08	1.610000e-08	
4.000000e+01	1.970000e-08	1.860000e-08	
4.500000e+01	2.380000e-08	2.300000e-08	
5.000000e+01	2.750000e-08	2.760000e-08	
5.500000e+01	3.070000e-08	3.130000e-08	
6.000000e+01	3.721000e-08	3.945000e-08	
7.000000e+01	4.330000e-08	4.430000e-08	
8.000000e+01	4.990000e-08	5.110000e-08	
1.000000e+02	6.320000e-08	6.440000e-08	
1.200000e+02	7.712000e-08	7.940000e-08	
