# Units are Msun
# M_init	gd154	gd155	gd156	gd157	gd158	gd160	
8	0	0	0	0	0	0	
9.000000e+00	8.750000e-12	5.650000e-11	7.930000e-11	6.080000e-11	9.730000e-11	8.670000e-11	
9.250000e+00	9.360000e-12	6.040000e-11	8.480000e-11	6.500000e-11	1.040000e-10	9.260000e-11	
9.500000e+00	1.010000e-11	6.500000e-11	9.120000e-11	6.990000e-11	1.120000e-10	9.960000e-11	
1.000000e+01	1.120000e-11	7.220000e-11	1.010000e-10	7.770000e-11	1.240000e-10	1.110000e-10	
1.025000e+01	1.110000e-11	7.190000e-11	1.010000e-10	7.730000e-11	1.240000e-10	1.100000e-10	
1.050000e+01	1.050000e-11	6.810000e-11	9.550000e-11	7.320000e-11	1.170000e-10	1.040000e-10	
1.075000e+01	1.070000e-11	6.900000e-11	9.670000e-11	7.420000e-11	1.190000e-10	1.060000e-10	
1.100000e+01	1.070000e-11	6.930000e-11	9.730000e-11	7.460000e-11	1.190000e-10	1.060000e-10	
1.125000e+01	1.240000e-11	8.020000e-11	1.130000e-10	8.630000e-11	1.380000e-10	1.230000e-10	
1.150000e+01	2.580000e-11	1.660000e-10	2.330000e-10	1.780000e-10	2.850000e-10	2.540000e-10	
1.175000e+01	3.370000e-11	2.160000e-10	3.040000e-10	2.330000e-10	3.730000e-10	3.320000e-10	
1.200000e+01	3.790000e-11	2.440000e-10	3.420000e-10	2.620000e-10	4.200000e-10	3.740000e-10	
1.225000e+01	4.020000e-11	2.590000e-10	3.630000e-10	2.790000e-10	4.460000e-10	3.970000e-10	
1.250000e+01	4.520000e-11	2.910000e-10	4.080000e-10	3.130000e-10	5.010000e-10	4.460000e-10	
1.275000e+01	4.630000e-11	2.990000e-10	4.190000e-10	3.210000e-10	5.140000e-10	4.580000e-10	
1.300000e+01	4.930000e-11	3.180000e-10	4.460000e-10	3.420000e-10	5.470000e-10	4.870000e-10	
1.310000e+01	5.320000e-11	3.640000e-10	5.060000e-10	3.900000e-10	6.220000e-10	5.550000e-10	
1.320000e+01	5.420000e-11	3.710000e-10	5.160000e-10	3.970000e-10	6.340000e-10	5.650000e-10	
1.330000e+01	5.210000e-11	3.560000e-10	4.950000e-10	3.820000e-10	6.090000e-10	5.430000e-10	
1.340000e+01	5.440000e-11	3.720000e-10	5.170000e-10	3.990000e-10	6.360000e-10	5.670000e-10	
1.350000e+01	5.620000e-11	3.850000e-10	5.350000e-10	4.120000e-10	6.570000e-10	5.860000e-10	
1.360000e+01	5.980000e-11	4.090000e-10	5.690000e-10	4.390000e-10	6.990000e-10	6.240000e-10	
1.370000e+01	5.920000e-11	4.050000e-10	5.630000e-10	4.340000e-10	6.920000e-10	6.170000e-10	
1.380000e+01	6.310000e-11	4.320000e-10	6.000000e-10	4.630000e-10	7.380000e-10	6.580000e-10	
1.390000e+01	5.790000e-11	3.960000e-10	5.510000e-10	4.250000e-10	6.770000e-10	6.040000e-10	
1.400000e+01	6.580000e-11	4.500000e-10	6.250000e-10	4.820000e-10	7.680000e-10	6.860000e-10	
1.410000e+01	6.580000e-11	4.500000e-10	6.250000e-10	4.820000e-10	7.680000e-10	6.860000e-10	
1.420000e+01	6.150000e-11	4.210000e-10	5.850000e-10	4.510000e-10	7.190000e-10	6.410000e-10	
1.430000e+01	6.370000e-11	4.360000e-10	6.060000e-10	4.670000e-10	7.450000e-10	6.650000e-10	
1.440000e+01	6.580000e-11	4.500000e-10	6.250000e-10	4.820000e-10	7.690000e-10	6.860000e-10	
1.450000e+01	7.500000e-11	5.130000e-10	7.130000e-10	5.500000e-10	8.760000e-10	7.820000e-10	
1.460000e+01	6.530000e-11	4.470000e-10	6.210000e-10	4.780000e-10	7.630000e-10	6.810000e-10	
1.470000e+01	7.080000e-11	4.840000e-10	6.730000e-10	5.190000e-10	8.270000e-10	7.380000e-10	
1.480000e+01	6.590000e-11	4.510000e-10	6.270000e-10	4.830000e-10	7.700000e-10	6.870000e-10	
1.490000e+01	6.540000e-11	4.480000e-10	6.220000e-10	4.800000e-10	7.650000e-10	6.820000e-10	
1.500000e+01	7.820000e-11	5.350000e-10	7.430000e-10	5.730000e-10	9.140000e-10	8.150000e-10	
1.510000e+01	7.070000e-11	4.840000e-10	6.720000e-10	5.180000e-10	8.260000e-10	7.370000e-10	
1.520000e+01	8.530000e-11	5.840000e-10	8.110000e-10	6.250000e-10	9.970000e-10	8.900000e-10	
1.530000e+01	7.110000e-11	4.860000e-10	6.760000e-10	5.210000e-10	8.310000e-10	7.410000e-10	
1.540000e+01	7.090000e-11	4.850000e-10	6.740000e-10	5.200000e-10	8.290000e-10	7.400000e-10	
1.550000e+01	7.250000e-11	4.960000e-10	6.890000e-10	5.310000e-10	8.470000e-10	7.560000e-10	
1.560000e+01	7.730000e-11	5.290000e-10	7.350000e-10	5.670000e-10	9.040000e-10	8.060000e-10	
1.570000e+01	8.200000e-11	5.610000e-10	7.800000e-10	6.010000e-10	9.580000e-10	8.550000e-10	
1.580000e+01	7.780000e-11	5.320000e-10	7.400000e-10	5.710000e-10	9.100000e-10	8.120000e-10	
1.590000e+01	7.620000e-11	5.220000e-10	7.250000e-10	5.590000e-10	8.910000e-10	7.950000e-10	
1.600000e+01	9.310000e-11	6.370000e-10	8.860000e-10	6.830000e-10	1.090000e-09	9.710000e-10	
1.610000e+01	7.700000e-11	5.260000e-10	7.320000e-10	5.640000e-10	8.990000e-10	8.020000e-10	
1.620000e+01	8.640000e-11	5.910000e-10	8.220000e-10	6.340000e-10	1.010000e-09	9.010000e-10	
1.630000e+01	7.950000e-11	5.440000e-10	7.560000e-10	5.830000e-10	9.300000e-10	8.300000e-10	
1.640000e+01	7.910000e-11	5.410000e-10	7.530000e-10	5.800000e-10	9.250000e-10	8.250000e-10	
1.650000e+01	8.180000e-11	5.600000e-10	7.780000e-10	6.000000e-10	9.560000e-10	8.530000e-10	
1.660000e+01	8.930000e-11	6.110000e-10	8.490000e-10	6.540000e-10	1.040000e-09	9.310000e-10	
1.670000e+01	8.590000e-11	5.870000e-10	8.170000e-10	6.300000e-10	1.000000e-09	8.960000e-10	
1.680000e+01	8.510000e-11	5.820000e-10	8.090000e-10	6.240000e-10	9.950000e-10	8.880000e-10	
1.690000e+01	8.660000e-11	5.930000e-10	8.240000e-10	6.350000e-10	1.010000e-09	9.040000e-10	
1.700000e+01	8.800000e-11	6.020000e-10	8.370000e-10	6.450000e-10	1.030000e-09	9.180000e-10	
1.710000e+01	8.930000e-11	6.110000e-10	8.490000e-10	6.550000e-10	1.040000e-09	9.310000e-10	
1.720000e+01	9.300000e-11	6.360000e-10	8.850000e-10	6.820000e-10	1.090000e-09	9.700000e-10	
1.730000e+01	9.090000e-11	6.220000e-10	8.640000e-10	6.660000e-10	1.060000e-09	9.480000e-10	
1.740000e+01	1.010000e-10	6.920000e-10	9.620000e-10	7.420000e-10	1.180000e-09	1.050000e-09	
1.750000e+01	9.550000e-11	6.530000e-10	9.080000e-10	7.000000e-10	1.120000e-09	9.960000e-10	
1.760000e+01	9.500000e-11	6.490000e-10	9.030000e-10	6.960000e-10	1.110000e-09	9.900000e-10	
1.770000e+01	9.930000e-11	6.800000e-10	9.450000e-10	7.280000e-10	1.160000e-09	1.040000e-09	
1.780000e+01	9.800000e-11	6.710000e-10	9.320000e-10	7.190000e-10	1.150000e-09	1.020000e-09	
1.790000e+01	9.840000e-11	6.730000e-10	9.360000e-10	7.220000e-10	1.150000e-09	1.030000e-09	
1.800000e+01	9.990000e-11	6.840000e-10	9.500000e-10	7.330000e-10	1.170000e-09	1.040000e-09	
1.810000e+01	9.900000e-11	6.770000e-10	9.410000e-10	7.260000e-10	1.160000e-09	1.030000e-09	
1.820000e+01	1.040000e-10	7.090000e-10	9.850000e-10	7.600000e-10	1.210000e-09	1.080000e-09	
1.830000e+01	1.020000e-10	7.020000e-10	9.750000e-10	7.520000e-10	1.200000e-09	1.070000e-09	
1.840000e+01	1.060000e-10	7.250000e-10	1.010000e-09	7.770000e-10	1.240000e-09	1.110000e-09	
1.850000e+01	1.160000e-10	7.940000e-10	1.100000e-09	8.510000e-10	1.360000e-09	1.210000e-09	
1.860000e+01	1.090000e-10	7.480000e-10	1.040000e-09	8.020000e-10	1.280000e-09	1.140000e-09	
1.870000e+01	1.110000e-10	7.610000e-10	1.060000e-09	8.160000e-10	1.300000e-09	1.160000e-09	
1.880000e+01	1.250000e-10	8.530000e-10	1.190000e-09	9.140000e-10	1.460000e-09	1.300000e-09	
1.890000e+01	1.260000e-10	8.610000e-10	1.200000e-09	9.220000e-10	1.470000e-09	1.310000e-09	
1.900000e+01	1.140000e-10	7.800000e-10	1.090000e-09	8.360000e-10	1.330000e-09	1.190000e-09	
1.910000e+01	1.150000e-10	7.860000e-10	1.090000e-09	8.430000e-10	1.340000e-09	1.200000e-09	
1.920000e+01	1.190000e-10	8.150000e-10	1.130000e-09	8.740000e-10	1.390000e-09	1.240000e-09	
1.930000e+01	1.230000e-10	8.400000e-10	1.170000e-09	9.000000e-10	1.430000e-09	1.280000e-09	
1.940000e+01	1.260000e-10	8.620000e-10	1.200000e-09	9.240000e-10	1.470000e-09	1.310000e-09	
1.950000e+01	1.250000e-10	8.540000e-10	1.190000e-09	9.160000e-10	1.460000e-09	1.300000e-09	
1.960000e+01	1.290000e-10	8.810000e-10	1.230000e-09	9.440000e-10	1.510000e-09	1.340000e-09	
1.970000e+01	1.290000e-10	8.800000e-10	1.220000e-09	9.430000e-10	1.500000e-09	1.340000e-09	
1.980000e+01	1.290000e-10	8.810000e-10	1.230000e-09	9.440000e-10	1.510000e-09	1.340000e-09	
1.990000e+01	1.320000e-10	9.020000e-10	1.250000e-09	9.670000e-10	1.540000e-09	1.370000e-09	
2.000000e+01	1.350000e-10	9.260000e-10	1.290000e-09	9.930000e-10	1.580000e-09	1.410000e-09	
2.010000e+01	1.370000e-10	9.370000e-10	1.300000e-09	1.000000e-09	1.600000e-09	1.430000e-09	
2.020000e+01	1.420000e-10	9.740000e-10	1.350000e-09	1.040000e-09	1.660000e-09	1.480000e-09	
2.030000e+01	1.380000e-10	9.460000e-10	1.320000e-09	1.010000e-09	1.620000e-09	1.440000e-09	
2.040000e+01	1.460000e-10	9.960000e-10	1.380000e-09	1.070000e-09	1.700000e-09	1.520000e-09	
2.050000e+01	1.440000e-10	9.830000e-10	1.370000e-09	1.050000e-09	1.680000e-09	1.500000e-09	
2.060000e+01	1.610000e-10	1.100000e-09	1.530000e-09	1.180000e-09	1.880000e-09	1.680000e-09	
2.070000e+01	1.550000e-10	1.060000e-09	1.480000e-09	1.140000e-09	1.810000e-09	1.620000e-09	
2.080000e+01	1.560000e-10	1.070000e-09	1.480000e-09	1.140000e-09	1.820000e-09	1.630000e-09	
2.090000e+01	1.520000e-10	1.040000e-09	1.450000e-09	1.120000e-09	1.780000e-09	1.590000e-09	
2.100000e+01	1.590000e-10	1.090000e-09	1.510000e-09	1.170000e-09	1.860000e-09	1.660000e-09	
2.110000e+01	1.600000e-10	1.100000e-09	1.530000e-09	1.170000e-09	1.870000e-09	1.670000e-09	
2.120000e+01	1.570000e-10	1.080000e-09	1.500000e-09	1.150000e-09	1.840000e-09	1.640000e-09	
2.130000e+01	1.630000e-10	1.110000e-09	1.550000e-09	1.190000e-09	1.900000e-09	1.700000e-09	
2.140000e+01	1.710000e-10	1.170000e-09	1.620000e-09	1.250000e-09	2.000000e-09	1.780000e-09	
2.150000e+01	1.780000e-10	1.220000e-09	1.690000e-09	1.300000e-09	2.080000e-09	1.860000e-09	
2.160000e+01	1.720000e-10	1.170000e-09	1.630000e-09	1.260000e-09	2.010000e-09	1.790000e-09	
2.170000e+01	1.730000e-10	1.180000e-09	1.650000e-09	1.270000e-09	2.020000e-09	1.810000e-09	
2.180000e+01	1.780000e-10	1.220000e-09	1.700000e-09	1.310000e-09	2.080000e-09	1.860000e-09	
2.190000e+01	1.760000e-10	1.200000e-09	1.670000e-09	1.290000e-09	2.050000e-09	1.830000e-09	
2.200000e+01	1.890000e-10	1.290000e-09	1.790000e-09	1.380000e-09	2.200000e-09	1.970000e-09	
2.210000e+01	1.890000e-10	1.290000e-09	1.800000e-09	1.390000e-09	2.210000e-09	1.970000e-09	
2.220000e+01	1.850000e-10	1.270000e-09	1.760000e-09	1.360000e-09	2.160000e-09	1.930000e-09	
2.230000e+01	1.940000e-10	1.320000e-09	1.840000e-09	1.420000e-09	2.260000e-09	2.020000e-09	
2.240000e+01	1.960000e-10	1.340000e-09	1.870000e-09	1.440000e-09	2.290000e-09	2.050000e-09	
2.250000e+01	2.000000e-10	1.370000e-09	1.900000e-09	1.470000e-09	2.340000e-09	2.090000e-09	
2.260000e+01	1.990000e-10	1.360000e-09	1.900000e-09	1.460000e-09	2.330000e-09	2.080000e-09	
2.270000e+01	2.060000e-10	1.410000e-09	1.960000e-09	1.510000e-09	2.410000e-09	2.150000e-09	
2.280000e+01	2.130000e-10	1.460000e-09	2.030000e-09	1.560000e-09	2.490000e-09	2.220000e-09	
2.290000e+01	2.110000e-10	1.440000e-09	2.010000e-09	1.550000e-09	2.470000e-09	2.200000e-09	
2.300000e+01	2.130000e-10	1.460000e-09	2.020000e-09	1.560000e-09	2.490000e-09	2.220000e-09	
2.310000e+01	2.170000e-10	1.480000e-09	2.060000e-09	1.590000e-09	2.530000e-09	2.260000e-09	
2.320000e+01	2.200000e-10	1.510000e-09	2.090000e-09	1.610000e-09	2.570000e-09	2.300000e-09	
2.330000e+01	2.210000e-10	1.510000e-09	2.100000e-09	1.620000e-09	2.580000e-09	2.300000e-09	
2.340000e+01	2.260000e-10	1.540000e-09	2.150000e-09	1.650000e-09	2.640000e-09	2.350000e-09	
2.350000e+01	2.260000e-10	1.550000e-09	2.150000e-09	1.660000e-09	2.640000e-09	2.360000e-09	
2.360000e+01	2.440000e-10	1.670000e-09	2.320000e-09	1.780000e-09	2.850000e-09	2.540000e-09	
2.370000e+01	2.420000e-10	1.660000e-09	2.300000e-09	1.770000e-09	2.830000e-09	2.520000e-09	
2.380000e+01	2.530000e-10	1.730000e-09	2.400000e-09	1.850000e-09	2.950000e-09	2.630000e-09	
2.390000e+01	2.430000e-10	1.660000e-09	2.310000e-09	1.780000e-09	2.830000e-09	2.530000e-09	
2.400000e+01	2.590000e-10	1.770000e-09	2.460000e-09	1.900000e-09	3.030000e-09	2.700000e-09	
2.410000e+01	2.530000e-10	1.720000e-09	2.400000e-09	1.850000e-09	2.950000e-09	2.630000e-09	
2.420000e+01	2.930000e-10	2.000000e-09	2.780000e-09	2.140000e-09	3.420000e-09	3.050000e-09	
2.430000e+01	2.590000e-10	1.770000e-09	2.460000e-09	1.900000e-09	3.030000e-09	2.700000e-09	
2.440000e+01	2.750000e-10	1.880000e-09	2.610000e-09	2.010000e-09	3.210000e-09	2.860000e-09	
2.450000e+01	2.780000e-10	1.900000e-09	2.640000e-09	2.040000e-09	3.240000e-09	2.900000e-09	
2.460000e+01	2.820000e-10	1.920000e-09	2.680000e-09	2.060000e-09	3.290000e-09	2.940000e-09	
2.470000e+01	2.930000e-10	2.000000e-09	2.780000e-09	2.140000e-09	3.410000e-09	3.050000e-09	
2.480000e+01	2.810000e-10	1.910000e-09	2.660000e-09	2.050000e-09	3.270000e-09	2.920000e-09	
2.490000e+01	2.870000e-10	1.960000e-09	2.720000e-09	2.100000e-09	3.350000e-09	2.980000e-09	
2.500000e+01	2.990000e-10	2.040000e-09	2.840000e-09	2.190000e-09	3.490000e-09	3.110000e-09	
2.510000e+01	3.030000e-10	2.070000e-09	2.880000e-09	2.220000e-09	3.530000e-09	3.150000e-09	
2.520000e+01	3.310000e-10	2.260000e-09	3.140000e-09	2.420000e-09	3.860000e-09	3.440000e-09	
2.530000e+01	2.960000e-10	2.020000e-09	2.800000e-09	2.160000e-09	3.440000e-09	3.070000e-09	
2.540000e+01	3.200000e-10	2.180000e-09	3.030000e-09	2.340000e-09	3.730000e-09	3.320000e-09	
2.550000e+01	3.290000e-10	2.240000e-09	3.120000e-09	2.400000e-09	3.830000e-09	3.420000e-09	
2.560000e+01	3.270000e-10	2.230000e-09	3.100000e-09	2.390000e-09	3.810000e-09	3.400000e-09	
2.570000e+01	3.220000e-10	2.190000e-09	3.050000e-09	2.350000e-09	3.750000e-09	3.340000e-09	
2.580000e+01	3.230000e-10	2.190000e-09	3.050000e-09	2.350000e-09	3.750000e-09	3.350000e-09	
2.590000e+01	3.420000e-10	2.330000e-09	3.240000e-09	2.500000e-09	3.980000e-09	3.550000e-09	
2.600000e+01	3.450000e-10	2.350000e-09	3.270000e-09	2.520000e-09	4.020000e-09	3.580000e-09	
2.610000e+01	3.480000e-10	2.370000e-09	3.300000e-09	2.540000e-09	4.050000e-09	3.610000e-09	
2.620000e+01	3.540000e-10	2.410000e-09	3.350000e-09	2.580000e-09	4.120000e-09	3.670000e-09	
2.630000e+01	3.610000e-10	2.460000e-09	3.420000e-09	2.640000e-09	4.200000e-09	3.750000e-09	
2.640000e+01	3.690000e-10	2.510000e-09	3.490000e-09	2.690000e-09	4.290000e-09	3.830000e-09	
2.650000e+01	3.570000e-10	2.430000e-09	3.380000e-09	2.600000e-09	4.150000e-09	3.700000e-09	
2.660000e+01	3.700000e-10	2.520000e-09	3.500000e-09	2.700000e-09	4.300000e-09	3.840000e-09	
2.670000e+01	3.810000e-10	2.590000e-09	3.610000e-09	2.780000e-09	4.430000e-09	3.950000e-09	
2.680000e+01	3.780000e-10	2.570000e-09	3.580000e-09	2.760000e-09	4.390000e-09	3.920000e-09	
2.690000e+01	3.760000e-10	2.550000e-09	3.550000e-09	2.740000e-09	4.360000e-09	3.890000e-09	
2.700000e+01	3.810000e-10	2.590000e-09	3.600000e-09	2.770000e-09	4.420000e-09	3.940000e-09	
2.710000e+01	3.930000e-10	2.670000e-09	3.710000e-09	2.860000e-09	4.560000e-09	4.070000e-09	
2.720000e+01	3.910000e-10	2.660000e-09	3.700000e-09	2.850000e-09	4.540000e-09	4.050000e-09	
2.730000e+01	4.020000e-10	2.730000e-09	3.790000e-09	2.920000e-09	4.660000e-09	4.160000e-09	
2.740000e+01	4.070000e-10	2.760000e-09	3.840000e-09	2.960000e-09	4.720000e-09	4.210000e-09	
2.750000e+01	4.100000e-10	2.780000e-09	3.870000e-09	2.980000e-09	4.760000e-09	4.250000e-09	
2.760000e+01	4.190000e-10	2.840000e-09	3.950000e-09	3.040000e-09	4.860000e-09	4.330000e-09	
2.770000e+01	4.230000e-10	2.870000e-09	3.990000e-09	3.070000e-09	4.900000e-09	4.380000e-09	
2.780000e+01	4.260000e-10	2.890000e-09	4.020000e-09	3.100000e-09	4.940000e-09	4.400000e-09	
2.790000e+01	4.190000e-10	2.840000e-09	3.950000e-09	3.040000e-09	4.850000e-09	4.330000e-09	
2.800000e+01	4.240000e-10	2.870000e-09	4.000000e-09	3.080000e-09	4.910000e-09	4.380000e-09	
2.810000e+01	4.390000e-10	2.980000e-09	4.140000e-09	3.190000e-09	5.090000e-09	4.540000e-09	
2.820000e+01	4.490000e-10	3.040000e-09	4.230000e-09	3.260000e-09	5.200000e-09	4.640000e-09	
2.830000e+01	4.530000e-10	3.070000e-09	4.270000e-09	3.290000e-09	5.250000e-09	4.680000e-09	
2.840000e+01	4.660000e-10	3.160000e-09	4.390000e-09	3.380000e-09	5.400000e-09	4.820000e-09	
2.850000e+01	4.580000e-10	3.100000e-09	4.320000e-09	3.330000e-09	5.310000e-09	4.730000e-09	
2.860000e+01	4.700000e-10	3.180000e-09	4.430000e-09	3.410000e-09	5.450000e-09	4.860000e-09	
2.870000e+01	4.720000e-10	3.190000e-09	4.450000e-09	3.430000e-09	5.460000e-09	4.870000e-09	
2.880000e+01	4.730000e-10	3.200000e-09	4.460000e-09	3.430000e-09	5.470000e-09	4.880000e-09	
2.890000e+01	4.810000e-10	3.250000e-09	4.530000e-09	3.490000e-09	5.570000e-09	4.970000e-09	
2.900000e+01	4.580000e-10	3.100000e-09	4.320000e-09	3.320000e-09	5.300000e-09	4.730000e-09	
2.910000e+01	4.890000e-10	3.300000e-09	4.600000e-09	3.540000e-09	5.660000e-09	5.040000e-09	
2.920000e+01	4.810000e-10	3.250000e-09	4.530000e-09	3.490000e-09	5.560000e-09	4.960000e-09	
2.930000e+01	4.980000e-10	3.370000e-09	4.690000e-09	3.610000e-09	5.760000e-09	5.140000e-09	
2.940000e+01	5.060000e-10	3.420000e-09	4.770000e-09	3.670000e-09	5.860000e-09	5.230000e-09	
2.950000e+01	5.210000e-10	3.530000e-09	4.910000e-09	3.780000e-09	6.030000e-09	5.380000e-09	
2.960000e+01	5.110000e-10	3.450000e-09	4.810000e-09	3.700000e-09	5.910000e-09	5.270000e-09	
2.970000e+01	5.140000e-10	3.470000e-09	4.840000e-09	3.720000e-09	5.940000e-09	5.300000e-09	
2.980000e+01	5.270000e-10	3.560000e-09	4.960000e-09	3.820000e-09	6.100000e-09	5.440000e-09	
2.990000e+01	5.280000e-10	3.570000e-09	4.970000e-09	3.830000e-09	6.110000e-09	5.450000e-09	
3.000000e+01	5.340000e-10	3.610000e-09	5.030000e-09	3.870000e-09	6.170000e-09	5.510000e-09	
3.100000e+01	5.720000e-10	3.870000e-09	5.390000e-09	4.150000e-09	6.620000e-09	5.900000e-09	
3.200000e+01	6.120000e-10	4.140000e-09	5.770000e-09	4.440000e-09	7.080000e-09	6.320000e-09	
3.300000e+01	6.520000e-10	4.400000e-09	6.130000e-09	4.720000e-09	7.530000e-09	6.720000e-09	
3.500000e+01	7.060000e-10	4.750000e-09	6.620000e-09	5.100000e-09	8.130000e-09	7.250000e-09	
4.000000e+01	8.190000e-10	5.490000e-09	7.660000e-09	5.890000e-09	9.410000e-09	8.390000e-09	
4.500000e+01	1.110000e-09	6.550000e-09	9.340000e-09	7.090000e-09	1.170000e-08	9.910000e-09	
5.000000e+01	1.640000e-09	7.330000e-09	1.090000e-08	8.090000e-09	1.430000e-08	1.090000e-08	
5.500000e+01	1.970000e-09	8.070000e-09	1.220000e-08	8.970000e-09	1.630000e-08	1.200000e-08	
6.000000e+01	2.720000e-09	9.070000e-09	1.460000e-08	1.040000e-08	2.150000e-08	1.400000e-08	
7.000000e+01	3.760000e-09	1.090000e-08	1.860000e-08	1.290000e-08	2.820000e-08	1.730000e-08	
8.000000e+01	4.470000e-09	1.250000e-08	2.160000e-08	1.480000e-08	3.310000e-08	1.990000e-08	
1.000000e+02	6.270000e-09	1.570000e-08	2.820000e-08	1.900000e-08	4.360000e-08	2.560000e-08	
1.200000e+02	7.600000e-09	1.890000e-08	3.410000e-08	2.300000e-08	5.310000e-08	3.090000e-08	
