# Units are Msun
# M_init	ir191	ir193	
8	0	0	
9.000000e+00	9.751000e-09	1.668000e-08	
9.250000e+00	1.000400e-08	1.712000e-08	
9.500000e+00	1.025200e-08	1.756700e-08	
1.000000e+01	1.073600e-08	1.834200e-08	
1.025000e+01	1.093400e-08	1.873800e-08	
1.050000e+01	1.111100e-08	1.919900e-08	
1.075000e+01	1.141600e-08	1.960800e-08	
1.100000e+01	1.171800e-08	2.001200e-08	
1.125000e+01	1.198400e-08	2.052400e-08	
1.150000e+01	1.229900e-08	2.110000e-08	
1.175000e+01	1.240000e-08	2.142000e-08	
1.200000e+01	1.267000e-08	2.180000e-08	
1.225000e+01	1.286000e-08	2.196000e-08	
1.250000e+01	1.306000e-08	2.229000e-08	
1.275000e+01	1.330000e-08	2.277000e-08	
1.300000e+01	1.352000e-08	2.306000e-08	
1.310000e+01	1.349000e-08	2.322000e-08	
1.320000e+01	1.363000e-08	2.339000e-08	
1.330000e+01	1.374000e-08	2.364000e-08	
1.340000e+01	1.383000e-08	2.370000e-08	
1.350000e+01	1.391000e-08	2.383000e-08	
1.360000e+01	1.396000e-08	2.388000e-08	
1.370000e+01	1.403000e-08	2.414000e-08	
1.380000e+01	1.409000e-08	2.422000e-08	
1.390000e+01	1.428000e-08	2.445000e-08	
1.400000e+01	1.440000e-08	2.470000e-08	
1.410000e+01	1.440000e-08	2.470000e-08	
1.420000e+01	1.453000e-08	2.490000e-08	
1.430000e+01	1.462000e-08	2.506000e-08	
1.440000e+01	1.470000e-08	2.520000e-08	
1.450000e+01	1.468000e-08	2.524000e-08	
1.460000e+01	1.488000e-08	2.556000e-08	
1.470000e+01	1.491000e-08	2.565000e-08	
1.480000e+01	1.511000e-08	2.591000e-08	
1.490000e+01	1.519000e-08	2.608000e-08	
1.500000e+01	3.210000e-09	5.470000e-09	
1.510000e+01	2.910000e-09	4.940000e-09	
1.520000e+01	1.531000e-08	2.637000e-08	
1.530000e+01	2.920000e-09	4.970000e-09	
1.540000e+01	2.910000e-09	4.960000e-09	
1.550000e+01	2.980000e-09	5.070000e-09	
1.560000e+01	3.180000e-09	5.410000e-09	
1.570000e+01	1.577000e-08	2.713000e-08	
1.580000e+01	1.590000e-08	2.734000e-08	
1.590000e+01	3.130000e-09	5.330000e-09	
1.600000e+01	1.583000e-08	2.731000e-08	
1.610000e+01	1.606000e-08	2.778000e-08	
1.620000e+01	1.615000e-08	2.774000e-08	
1.630000e+01	1.627000e-08	2.806000e-08	
1.640000e+01	1.635000e-08	2.813000e-08	
1.650000e+01	1.646000e-08	2.822000e-08	
1.660000e+01	1.647000e-08	2.834000e-08	
1.670000e+01	1.663000e-08	2.851000e-08	
1.680000e+01	1.670000e-08	2.865000e-08	
1.690000e+01	1.676000e-08	2.886000e-08	
1.700000e+01	1.682000e-08	2.906000e-08	
1.710000e+01	1.697000e-08	2.915000e-08	
1.720000e+01	3.820000e-09	6.510000e-09	
1.730000e+01	1.714000e-08	2.946000e-08	
1.740000e+01	1.716000e-08	2.948000e-08	
1.750000e+01	1.732000e-08	2.978000e-08	
1.760000e+01	1.740000e-08	2.994000e-08	
1.770000e+01	4.080000e-09	6.950000e-09	
1.780000e+01	4.030000e-09	6.860000e-09	
1.790000e+01	1.765000e-08	3.039000e-08	
1.800000e+01	4.110000e-09	6.990000e-09	
1.810000e+01	1.787000e-08	3.062000e-08	
1.820000e+01	1.796000e-08	3.085000e-08	
1.830000e+01	1.802000e-08	3.087000e-08	
1.840000e+01	1.805000e-08	3.101000e-08	
1.850000e+01	1.817000e-08	3.121000e-08	
1.860000e+01	4.490000e-09	7.650000e-09	
1.870000e+01	4.570000e-09	7.780000e-09	
1.880000e+01	5.120000e-09	8.720000e-09	
1.890000e+01	5.170000e-09	8.800000e-09	
1.900000e+01	4.690000e-09	7.980000e-09	
1.910000e+01	4.720000e-09	8.040000e-09	
1.920000e+01	1.870000e-08	3.224000e-08	
1.930000e+01	1.885000e-08	3.239000e-08	
1.940000e+01	5.180000e-09	8.810000e-09	
1.950000e+01	5.140000e-09	8.740000e-09	
1.960000e+01	5.290000e-09	9.010000e-09	
1.970000e+01	1.949000e-08	3.339000e-08	
1.980000e+01	1.939000e-08	3.331000e-08	
1.990000e+01	5.420000e-09	9.220000e-09	
2.000000e+01	5.560000e-09	9.470000e-09	
2.010000e+01	1.933000e-08	3.328000e-08	
2.020000e+01	1.955000e-08	3.376000e-08	
2.030000e+01	1.959000e-08	3.368000e-08	
2.040000e+01	1.989000e-08	3.420000e-08	
2.050000e+01	1.981000e-08	3.400000e-08	
2.060000e+01	6.620000e-09	1.130000e-08	
2.070000e+01	6.380000e-09	1.080000e-08	
2.080000e+01	1.991000e-08	3.430000e-08	
2.090000e+01	6.260000e-09	1.060000e-08	
2.100000e+01	2.004000e-08	3.450000e-08	
2.110000e+01	2.019000e-08	3.470000e-08	
2.120000e+01	2.027000e-08	3.480000e-08	
2.130000e+01	6.690000e-09	1.140000e-08	
2.140000e+01	7.020000e-09	1.190000e-08	
2.150000e+01	2.041000e-08	3.510000e-08	
2.160000e+01	2.056000e-08	3.540000e-08	
2.170000e+01	7.120000e-09	1.210000e-08	
2.180000e+01	7.320000e-09	1.250000e-08	
2.190000e+01	7.220000e-09	1.230000e-08	
2.200000e+01	7.750000e-09	1.320000e-08	
2.210000e+01	7.780000e-09	1.320000e-08	
2.220000e+01	7.610000e-09	1.300000e-08	
2.230000e+01	7.950000e-09	1.350000e-08	
2.240000e+01	8.060000e-09	1.370000e-08	
2.250000e+01	8.220000e-09	1.400000e-08	
2.260000e+01	8.190000e-09	1.390000e-08	
2.270000e+01	8.460000e-09	1.440000e-08	
2.280000e+01	8.760000e-09	1.490000e-08	
2.290000e+01	8.670000e-09	1.470000e-08	
2.300000e+01	8.750000e-09	1.490000e-08	
2.310000e+01	8.890000e-09	1.510000e-08	
2.320000e+01	9.060000e-09	1.540000e-08	
2.330000e+01	9.070000e-09	1.540000e-08	
2.340000e+01	9.280000e-09	1.580000e-08	
2.350000e+01	9.300000e-09	1.580000e-08	
2.360000e+01	1.000000e-08	1.700000e-08	
2.370000e+01	9.950000e-09	1.690000e-08	
2.380000e+01	1.040000e-08	1.770000e-08	
2.390000e+01	9.970000e-09	1.700000e-08	
2.400000e+01	1.060000e-08	1.810000e-08	
2.410000e+01	1.040000e-08	1.760000e-08	
2.420000e+01	1.200000e-08	2.040000e-08	
2.430000e+01	1.060000e-08	1.810000e-08	
2.440000e+01	1.130000e-08	1.920000e-08	
2.450000e+01	1.140000e-08	1.940000e-08	
2.460000e+01	1.160000e-08	1.970000e-08	
2.470000e+01	1.200000e-08	2.040000e-08	
2.480000e+01	1.150000e-08	1.960000e-08	
2.490000e+01	1.180000e-08	2.000000e-08	
2.500000e+01	1.230000e-08	2.090000e-08	
2.510000e+01	1.240000e-08	2.110000e-08	
2.520000e+01	2.332000e-08	4.010000e-08	
2.530000e+01	1.210000e-08	2.060000e-08	
2.540000e+01	2.350000e-08	4.050000e-08	
2.550000e+01	2.370000e-08	4.060000e-08	
2.560000e+01	2.370000e-08	4.080000e-08	
2.570000e+01	2.390000e-08	4.110000e-08	
2.580000e+01	2.400000e-08	4.120000e-08	
2.590000e+01	2.400000e-08	4.120000e-08	
2.600000e+01	2.407000e-08	4.130000e-08	
2.610000e+01	2.415000e-08	4.150000e-08	
2.620000e+01	2.431000e-08	4.160000e-08	
2.630000e+01	2.440000e-08	4.180000e-08	
2.640000e+01	2.444000e-08	4.190000e-08	
2.650000e+01	2.457000e-08	4.210000e-08	
2.660000e+01	1.510000e-08	2.570000e-08	
2.670000e+01	1.560000e-08	2.650000e-08	
2.680000e+01	1.540000e-08	2.630000e-08	
2.690000e+01	1.530000e-08	2.610000e-08	
2.700000e+01	2.505000e-08	4.270000e-08	
2.710000e+01	2.499000e-08	4.290000e-08	
2.720000e+01	2.519000e-08	4.310000e-08	
2.730000e+01	2.522000e-08	4.320000e-08	
2.740000e+01	1.660000e-08	2.820000e-08	
2.750000e+01	1.670000e-08	2.850000e-08	
2.760000e+01	1.710000e-08	2.900000e-08	
2.770000e+01	1.720000e-08	2.930000e-08	
2.780000e+01	1.730000e-08	2.950000e-08	
2.790000e+01	1.710000e-08	2.900000e-08	
2.800000e+01	1.720000e-08	2.940000e-08	
2.810000e+01	1.790000e-08	3.040000e-08	
2.820000e+01	1.830000e-08	3.110000e-08	
2.830000e+01	1.840000e-08	3.140000e-08	
2.840000e+01	1.900000e-08	3.230000e-08	
2.850000e+01	1.870000e-08	3.170000e-08	
2.860000e+01	1.910000e-08	3.260000e-08	
2.870000e+01	1.920000e-08	3.270000e-08	
2.880000e+01	1.920000e-08	3.270000e-08	
2.890000e+01	1.960000e-08	3.330000e-08	
2.900000e+01	1.860000e-08	3.170000e-08	
2.910000e+01	1.990000e-08	3.380000e-08	
2.920000e+01	1.950000e-08	3.330000e-08	
2.930000e+01	2.020000e-08	3.450000e-08	
2.940000e+01	2.060000e-08	3.500000e-08	
2.950000e+01	2.120000e-08	3.610000e-08	
2.960000e+01	2.080000e-08	3.530000e-08	
2.970000e+01	2.090000e-08	3.550000e-08	
2.980000e+01	2.140000e-08	3.650000e-08	
2.990000e+01	2.150000e-08	3.650000e-08	
3.000000e+01	2.170000e-08	3.690000e-08	
3.100000e+01	2.330000e-08	3.960000e-08	
3.200000e+01	2.490000e-08	4.240000e-08	
3.300000e+01	2.650000e-08	4.500000e-08	
3.500000e+01	2.860000e-08	4.860000e-08	
4.000000e+01	3.300000e-08	5.620000e-08	
4.500000e+01	3.930000e-08	6.680000e-08	
5.000000e+01	4.370000e-08	7.390000e-08	
5.500000e+01	4.780000e-08	8.090000e-08	
6.000000e+01	5.329000e-08	9.182000e-08	
7.000000e+01	6.320000e-08	1.100000e-07	
8.000000e+01	7.240000e-08	1.270000e-07	
1.000000e+02	9.080000e-08	1.600000e-07	
1.200000e+02	1.093000e-07	1.936000e-07	
