# Units are Msun
# M_init	k39	k41	
8	0	0	
9.000000e+00	3.230000e-05	2.826300e-06	
9.250000e+00	3.337000e-05	2.931600e-06	
9.500000e+00	3.695000e-05	3.187700e-06	
1.000000e+01	4.938000e-05	3.947600e-06	
1.025000e+01	5.147000e-05	4.187000e-06	
1.050000e+01	4.731000e-05	4.081900e-06	
1.075000e+01	5.372000e-05	4.483100e-06	
1.100000e+01	9.293000e-05	6.293600e-06	
1.125000e+01	5.092000e-05	4.428000e-06	
1.150000e+01	5.554000e-05	4.654000e-06	
1.175000e+01	5.274000e-05	4.652000e-06	
1.200000e+01	6.642000e-05	5.279000e-06	
1.225000e+01	7.979000e-05	6.100000e-06	
1.250000e+01	8.166000e-05	6.423000e-06	
1.275000e+01	8.199000e-05	6.343000e-06	
1.300000e+01	7.654000e-05	6.229000e-06	
1.310000e+01	8.301000e-05	6.616000e-06	
1.320000e+01	8.314000e-05	6.605000e-06	
1.330000e+01	8.328000e-05	6.666000e-06	
1.340000e+01	8.216000e-05	6.607000e-06	
1.350000e+01	8.418000e-05	6.774000e-06	
1.360000e+01	8.641000e-05	6.857000e-06	
1.370000e+01	8.754000e-05	6.981000e-06	
1.380000e+01	8.741000e-05	6.997000e-06	
1.390000e+01	8.729000e-05	6.930000e-06	
1.400000e+01	8.665000e-05	7.033000e-06	
1.410000e+01	8.773000e-05	7.181000e-06	
1.420000e+01	8.941000e-05	7.222000e-06	
1.430000e+01	9.078000e-05	7.372000e-06	
1.440000e+01	8.913000e-05	7.381000e-06	
1.450000e+01	9.554000e-05	7.796000e-06	
1.460000e+01	9.157000e-05	7.487000e-06	
1.470000e+01	9.593000e-05	7.797000e-06	
1.480000e+01	9.074000e-05	7.572000e-06	
1.490000e+01	9.629000e-05	7.878000e-06	
1.500000e+01	9.430000e-06	7.150000e-07	
1.510000e+01	8.520000e-06	6.460000e-07	
1.520000e+01	3.673000e-04	2.138000e-05	
1.530000e+01	8.570000e-06	6.500000e-07	
1.540000e+01	8.550000e-06	6.480000e-07	
1.550000e+01	8.730000e-06	6.620000e-07	
1.560000e+01	9.320000e-06	7.070000e-07	
1.570000e+01	3.778800e-04	2.104900e-05	
1.580000e+01	3.473800e-04	2.041100e-05	
1.590000e+01	9.190000e-06	6.970000e-07	
1.600000e+01	4.112000e-04	2.215100e-05	
1.610000e+01	3.582800e-04	2.060300e-05	
1.620000e+01	3.864000e-04	2.109000e-05	
1.630000e+01	4.175900e-04	2.252700e-05	
1.640000e+01	4.005400e-04	2.132400e-05	
1.650000e+01	4.258600e-04	2.244800e-05	
1.660000e+01	4.718000e-04	2.471600e-05	
1.670000e+01	4.863000e-04	2.518500e-05	
1.680000e+01	4.653000e-04	2.427800e-05	
1.690000e+01	4.734000e-04	2.459200e-05	
1.700000e+01	4.886000e-04	2.500500e-05	
1.710000e+01	4.788000e-04	2.461700e-05	
1.720000e+01	1.120000e-05	8.500000e-07	
1.730000e+01	1.510000e-04	1.243100e-05	
1.740000e+01	1.712000e-04	1.352500e-05	
1.750000e+01	2.085000e-04	1.517300e-05	
1.760000e+01	1.935000e-04	1.466800e-05	
1.770000e+01	1.200000e-05	9.080000e-07	
1.780000e+01	1.180000e-05	8.960000e-07	
1.790000e+01	1.319000e-04	1.090000e-05	
1.800000e+01	1.200000e-05	9.140000e-07	
1.810000e+01	1.319000e-04	1.100500e-05	
1.820000e+01	1.325000e-04	1.114700e-05	
1.830000e+01	1.324000e-04	1.133700e-05	
1.840000e+01	1.318000e-04	1.136900e-05	
1.850000e+01	1.280000e-04	1.196000e-05	
1.860000e+01	1.320000e-05	1.000000e-06	
1.870000e+01	1.340000e-05	1.020000e-06	
1.880000e+01	1.500000e-05	1.140000e-06	
1.890000e+01	1.520000e-05	1.150000e-06	
1.900000e+01	1.380000e-05	1.040000e-06	
1.910000e+01	1.380000e-05	1.050000e-06	
1.920000e+01	2.684000e-04	1.909000e-05	
1.930000e+01	3.238000e-04	2.292000e-05	
1.940000e+01	1.520000e-05	1.150000e-06	
1.950000e+01	1.510000e-05	1.140000e-06	
1.960000e+01	1.550000e-05	1.180000e-06	
1.970000e+01	8.865500e-03	3.961800e-04	
1.980000e+01	7.345500e-03	2.311800e-04	
1.990000e+01	1.590000e-05	1.200000e-06	
2.000000e+01	1.630000e-05	1.240000e-06	
2.010000e+01	2.046500e-03	7.675000e-05	
2.020000e+01	8.937200e-03	3.033000e-04	
2.030000e+01	2.746700e-03	1.542600e-04	
2.040000e+01	9.467500e-03	4.033300e-04	
2.050000e+01	7.567300e-03	3.283100e-04	
2.060000e+01	1.940000e-05	1.470000e-06	
2.070000e+01	1.870000e-05	1.420000e-06	
2.080000e+01	1.368000e-04	1.423000e-05	
2.090000e+01	1.830000e-05	1.390000e-06	
2.100000e+01	3.132000e-04	2.306000e-05	
2.110000e+01	2.933000e-04	2.207000e-05	
2.120000e+01	1.440000e-04	1.454000e-05	
2.130000e+01	1.960000e-05	1.490000e-06	
2.140000e+01	2.060000e-05	1.560000e-06	
2.150000e+01	8.104000e-04	4.073000e-05	
2.160000e+01	6.117000e-04	3.447000e-05	
2.170000e+01	2.090000e-05	1.580000e-06	
2.180000e+01	2.150000e-05	1.630000e-06	
2.190000e+01	2.120000e-05	1.610000e-06	
2.200000e+01	2.270000e-05	1.720000e-06	
2.210000e+01	2.280000e-05	1.730000e-06	
2.220000e+01	2.230000e-05	1.690000e-06	
2.230000e+01	2.330000e-05	1.770000e-06	
2.240000e+01	2.360000e-05	1.790000e-06	
2.250000e+01	2.410000e-05	1.830000e-06	
2.260000e+01	2.400000e-05	1.820000e-06	
2.270000e+01	2.480000e-05	1.880000e-06	
2.280000e+01	2.570000e-05	1.950000e-06	
2.290000e+01	2.540000e-05	1.930000e-06	
2.300000e+01	2.570000e-05	1.950000e-06	
2.310000e+01	2.610000e-05	1.980000e-06	
2.320000e+01	2.660000e-05	2.010000e-06	
2.330000e+01	2.660000e-05	2.020000e-06	
2.340000e+01	2.720000e-05	2.060000e-06	
2.350000e+01	2.730000e-05	2.070000e-06	
2.360000e+01	2.940000e-05	2.230000e-06	
2.370000e+01	2.920000e-05	2.210000e-06	
2.380000e+01	3.050000e-05	2.310000e-06	
2.390000e+01	2.920000e-05	2.220000e-06	
2.400000e+01	3.120000e-05	2.370000e-06	
2.410000e+01	3.040000e-05	2.300000e-06	
2.420000e+01	3.520000e-05	2.670000e-06	
2.430000e+01	3.120000e-05	2.370000e-06	
2.440000e+01	3.310000e-05	2.510000e-06	
2.450000e+01	3.350000e-05	2.540000e-06	
2.460000e+01	3.390000e-05	2.570000e-06	
2.470000e+01	3.520000e-05	2.670000e-06	
2.480000e+01	3.380000e-05	2.560000e-06	
2.490000e+01	3.450000e-05	2.620000e-06	
2.500000e+01	3.600000e-05	2.730000e-06	
2.510000e+01	3.640000e-05	2.760000e-06	
2.520000e+01	4.489800e-03	1.340200e-04	
2.530000e+01	3.550000e-05	2.690000e-06	
2.540000e+01	4.198400e-03	1.239200e-04	
2.550000e+01	4.489500e-03	1.310000e-04	
2.560000e+01	5.369300e-03	1.429800e-04	
2.570000e+01	7.968600e-03	2.069300e-04	
2.580000e+01	8.938700e-03	2.329400e-04	
2.590000e+01	5.261000e-03	1.821100e-04	
2.600000e+01	4.121400e-03	1.531400e-04	
2.610000e+01	3.771800e-03	1.381700e-04	
2.620000e+01	3.692500e-03	1.362200e-04	
2.630000e+01	2.613300e-03	1.020900e-04	
2.640000e+01	2.254200e-03	9.406000e-05	
2.650000e+01	2.342800e-03	9.665000e-05	
2.660000e+01	4.440000e-05	3.360000e-06	
2.670000e+01	4.570000e-05	3.470000e-06	
2.680000e+01	4.530000e-05	3.440000e-06	
2.690000e+01	4.500000e-05	3.410000e-06	
2.700000e+01	1.525600e-03	7.536000e-05	
2.710000e+01	1.517000e-03	7.597000e-05	
2.720000e+01	1.636900e-03	7.735000e-05	
2.730000e+01	1.408100e-03	7.215000e-05	
2.740000e+01	4.870000e-05	3.690000e-06	
2.750000e+01	4.910000e-05	3.730000e-06	
2.760000e+01	5.010000e-05	3.800000e-06	
2.770000e+01	5.060000e-05	3.840000e-06	
2.780000e+01	5.090000e-05	3.860000e-06	
2.790000e+01	5.000000e-05	3.800000e-06	
2.800000e+01	5.060000e-05	3.840000e-06	
2.810000e+01	5.250000e-05	3.980000e-06	
2.820000e+01	5.360000e-05	4.070000e-06	
2.830000e+01	5.410000e-05	4.110000e-06	
2.840000e+01	5.570000e-05	4.230000e-06	
2.850000e+01	5.470000e-05	4.150000e-06	
2.860000e+01	5.620000e-05	4.260000e-06	
2.870000e+01	5.640000e-05	4.280000e-06	
2.880000e+01	5.640000e-05	4.280000e-06	
2.890000e+01	5.740000e-05	4.360000e-06	
2.900000e+01	5.470000e-05	4.150000e-06	
2.910000e+01	5.830000e-05	4.430000e-06	
2.920000e+01	5.730000e-05	4.350000e-06	
2.930000e+01	5.940000e-05	4.510000e-06	
2.940000e+01	6.040000e-05	4.590000e-06	
2.950000e+01	6.220000e-05	4.720000e-06	
2.960000e+01	6.090000e-05	4.630000e-06	
2.970000e+01	6.130000e-05	4.650000e-06	
2.980000e+01	6.290000e-05	4.770000e-06	
2.990000e+01	6.300000e-05	4.780000e-06	
3.000000e+01	6.370000e-05	4.830000e-06	
3.100000e+01	6.830000e-05	5.180000e-06	
3.200000e+01	7.310000e-05	5.550000e-06	
3.300000e+01	7.770000e-05	5.900000e-06	
3.500000e+01	8.390000e-05	6.370000e-06	
4.000000e+01	9.690000e-05	7.370000e-06	
4.500000e+01	1.310000e-04	1.610000e-05	
5.000000e+01	1.630000e-04	3.300000e-05	
5.500000e+01	1.840000e-04	4.080000e-05	
6.000000e+01	8.790000e-04	8.740000e-05	
7.000000e+01	2.510000e-04	5.040000e-05	
8.000000e+01	2.910000e-04	5.830000e-05	
1.000000e+02	3.710000e-04	7.130000e-05	
1.200000e+02	5.404000e-04	1.005000e-04	
