# Units are Msun
# M_init	ni58	ni60	ni61	ni62	ni64	
8	0	0	0	0	0	
9.000000e+00	5.661000e-04	3.966100e-04	2.084800e-05	7.930300e-05	1.061100e-05	
9.250000e+00	5.530000e-04	3.850000e-04	1.876500e-05	7.095900e-05	1.262500e-05	
9.500000e+00	6.432000e-04	5.114500e-04	2.878500e-05	1.001230e-04	1.564200e-05	
1.000000e+01	1.178000e-03	1.377170e-03	6.821700e-05	2.820300e-04	1.927000e-05	
1.025000e+01	1.317900e-03	1.447130e-03	7.771500e-05	3.370200e-04	2.506800e-05	
1.050000e+01	1.036900e-03	9.817500e-04	5.849900e-05	2.249670e-04	2.765400e-05	
1.075000e+01	1.457200e-03	1.466840e-03	8.580300e-05	3.519800e-04	3.175700e-05	
1.100000e+01	1.097300e-03	9.178800e-04	5.760400e-05	2.189850e-04	3.175900e-05	
1.125000e+01	1.060000e-03	9.769600e-04	6.085200e-05	2.221400e-04	3.559900e-05	
1.150000e+01	1.331300e-03	1.296400e-03	7.522800e-05	3.003500e-04	3.401800e-05	
1.175000e+01	1.027900e-03	9.235000e-04	6.135000e-05	2.130800e-04	4.250700e-05	
1.200000e+01	1.840700e-03	1.534200e-03	1.006700e-04	4.254600e-04	4.740900e-05	
1.225000e+01	2.384500e-03	2.725700e-03	1.641400e-04	6.526800e-04	4.486600e-05	
1.250000e+01	2.282400e-03	2.548900e-03	1.602800e-04	6.031400e-04	5.159000e-05	
1.275000e+01	2.244300e-03	2.509600e-03	1.543100e-04	5.762400e-04	5.331000e-05	
1.300000e+01	2.319200e-03	2.621600e-03	1.634000e-04	5.985200e-04	5.749000e-05	
1.310000e+01	2.210100e-03	2.345900e-03	1.485900e-04	5.611400e-04	7.035000e-05	
1.320000e+01	2.221800e-03	2.356600e-03	1.506200e-04	5.682400e-04	7.067000e-05	
1.330000e+01	2.258200e-03	2.375200e-03	1.505500e-04	5.670300e-04	6.892000e-05	
1.340000e+01	2.302100e-03	2.386700e-03	1.526200e-04	5.692500e-04	6.988000e-05	
1.350000e+01	2.335200e-03	2.497900e-03	1.586800e-04	5.954300e-04	7.453000e-05	
1.360000e+01	2.531000e-03	2.760400e-03	1.737800e-04	6.487800e-04	7.742000e-05	
1.370000e+01	2.480000e-03	2.660000e-03	1.677700e-04	6.257200e-04	7.750000e-05	
1.380000e+01	2.507000e-03	2.712600e-03	1.708800e-04	6.411000e-04	8.150000e-05	
1.390000e+01	2.588100e-03	2.739100e-03	1.747300e-04	6.376000e-04	7.637000e-05	
1.400000e+01	2.426000e-03	2.662300e-03	1.698700e-04	6.270500e-04	7.330000e-05	
1.410000e+01	2.411000e-03	2.634400e-03	1.719600e-04	6.243500e-04	8.887000e-05	
1.420000e+01	2.404000e-03	2.561500e-03	1.668300e-04	6.109400e-04	8.596000e-05	
1.430000e+01	2.428000e-03	2.653000e-03	1.719000e-04	6.291600e-04	8.842000e-05	
1.440000e+01	2.471000e-03	2.674400e-03	1.759600e-04	6.303500e-04	9.047000e-05	
1.450000e+01	2.677000e-03	2.800600e-03	1.832400e-04	6.652500e-04	8.840000e-05	
1.460000e+01	2.531000e-03	2.704100e-03	1.769500e-04	6.353100e-04	8.876000e-05	
1.470000e+01	2.780000e-03	2.827800e-03	1.841100e-04	6.718400e-04	8.639000e-05	
1.480000e+01	2.542000e-03	2.694500e-03	1.769600e-04	6.333700e-04	9.167000e-05	
1.490000e+01	2.621000e-03	2.744200e-03	1.809500e-04	6.503200e-04	8.946000e-05	
1.500000e+01	1.320000e-04	5.280000e-05	2.330000e-06	7.550000e-06	1.980000e-06	
1.510000e+01	1.200000e-04	4.770000e-05	2.110000e-06	6.830000e-06	1.790000e-06	
1.520000e+01	3.824000e-03	2.507600e-03	2.165400e-04	8.442400e-04	1.141700e-04	
1.530000e+01	1.200000e-04	4.800000e-05	2.120000e-06	6.870000e-06	1.800000e-06	
1.540000e+01	1.200000e-04	4.790000e-05	2.110000e-06	6.850000e-06	1.800000e-06	
1.550000e+01	1.230000e-04	4.890000e-05	2.160000e-06	7.000000e-06	1.840000e-06	
1.560000e+01	1.310000e-04	5.220000e-05	2.300000e-06	7.470000e-06	1.960000e-06	
1.570000e+01	3.859000e-03	2.655300e-03	2.254400e-04	8.559200e-04	1.170800e-04	
1.580000e+01	3.862000e-03	2.562500e-03	2.233200e-04	8.495200e-04	1.129700e-04	
1.590000e+01	1.290000e-04	5.140000e-05	2.270000e-06	7.370000e-06	1.930000e-06	
1.600000e+01	3.688000e-03	2.702800e-03	2.337800e-04	8.450000e-04	1.303600e-04	
1.610000e+01	3.960000e-03	2.831900e-03	2.372900e-04	8.904300e-04	1.229500e-04	
1.620000e+01	3.806000e-03	2.748300e-03	2.355800e-04	8.553500e-04	1.281900e-04	
1.630000e+01	3.925000e-03	2.773700e-03	2.373700e-04	8.666900e-04	1.260200e-04	
1.640000e+01	3.684000e-03	2.713400e-03	2.333600e-04	8.346500e-04	1.300100e-04	
1.650000e+01	3.639000e-03	2.715200e-03	2.334400e-04	8.269100e-04	1.320800e-04	
1.660000e+01	3.941000e-03	2.820200e-03	2.456600e-04	8.796300e-04	1.432600e-04	
1.670000e+01	3.845000e-03	2.807900e-03	2.445600e-04	8.633000e-04	1.451800e-04	
1.680000e+01	3.804000e-03	2.817400e-03	2.455400e-04	8.682300e-04	1.431600e-04	
1.690000e+01	3.757000e-03	2.818500e-03	2.455800e-04	8.533700e-04	1.472000e-04	
1.700000e+01	3.659000e-03	2.769400e-03	2.436200e-04	8.375100e-04	1.522300e-04	
1.710000e+01	3.751000e-03	2.860300e-03	2.496600e-04	8.566300e-04	1.552700e-04	
1.720000e+01	1.580000e-04	6.280000e-05	2.770000e-06	8.990000e-06	2.360000e-06	
1.730000e+01	3.794000e-03	2.761300e-03	2.757100e-04	9.397800e-04	1.883000e-04	
1.740000e+01	3.761000e-03	2.728300e-03	2.840200e-04	9.507800e-04	2.005700e-04	
1.750000e+01	3.782000e-03	2.674400e-03	2.838500e-04	9.372300e-04	1.974200e-04	
1.760000e+01	3.801000e-03	2.724100e-03	2.858300e-04	9.481700e-04	2.014100e-04	
1.770000e+01	1.680000e-04	6.700000e-05	2.960000e-06	9.600000e-06	2.520000e-06	
1.780000e+01	1.660000e-04	6.620000e-05	2.920000e-06	9.470000e-06	2.490000e-06	
1.790000e+01	2.897000e-03	3.046400e-03	2.869300e-04	8.925100e-04	2.365000e-04	
1.800000e+01	1.690000e-04	6.740000e-05	2.980000e-06	9.660000e-06	2.530000e-06	
1.810000e+01	2.908000e-03	3.046800e-03	2.919500e-04	8.945700e-04	2.405100e-04	
1.820000e+01	2.855000e-03	3.029900e-03	2.970900e-04	8.950000e-04	2.516300e-04	
1.830000e+01	2.884000e-03	3.049200e-03	2.980600e-04	8.899100e-04	2.516000e-04	
1.840000e+01	2.849000e-03	3.021500e-03	2.991600e-04	8.812000e-04	2.556900e-04	
1.850000e+01	3.707000e-03	2.658300e-03	3.314600e-04	9.992000e-04	2.849400e-04	
1.860000e+01	1.850000e-04	7.380000e-05	3.260000e-06	1.060000e-05	2.770000e-06	
1.870000e+01	1.880000e-04	7.510000e-05	3.320000e-06	1.080000e-05	2.820000e-06	
1.880000e+01	2.110000e-04	8.410000e-05	3.720000e-06	1.200000e-05	3.160000e-06	
1.890000e+01	2.130000e-04	8.490000e-05	3.750000e-06	1.220000e-05	3.190000e-06	
1.900000e+01	1.930000e-04	7.700000e-05	3.400000e-06	1.100000e-05	2.890000e-06	
1.910000e+01	1.950000e-04	7.760000e-05	3.430000e-06	1.110000e-05	2.920000e-06	
1.920000e+01	3.502000e-03	2.980400e-03	3.435500e-04	9.275000e-04	2.850200e-04	
1.930000e+01	3.538000e-03	2.722800e-03	3.566600e-04	9.659000e-04	3.041100e-04	
1.940000e+01	2.130000e-04	8.500000e-05	3.760000e-06	1.220000e-05	3.200000e-06	
1.950000e+01	2.110000e-04	8.430000e-05	3.720000e-06	1.210000e-05	3.170000e-06	
1.960000e+01	2.180000e-04	8.690000e-05	3.840000e-06	1.240000e-05	3.270000e-06	
1.970000e+01	4.348000e-03	3.196800e-03	3.178300e-04	1.282400e-03	1.402600e-04	
1.980000e+01	3.908000e-03	3.726900e-03	4.578400e-04	1.382400e-03	1.612700e-04	
1.990000e+01	2.230000e-04	8.900000e-05	3.930000e-06	1.270000e-05	3.350000e-06	
2.000000e+01	2.290000e-04	9.140000e-05	4.040000e-06	1.310000e-05	3.440000e-06	
2.010000e+01	3.762000e-03	3.792400e-03	3.390800e-04	1.013200e-03	2.554800e-04	
2.020000e+01	4.101000e-03	3.596100e-03	4.602400e-04	1.333800e-03	1.736100e-04	
2.030000e+01	3.774000e-03	3.783400e-03	3.541300e-04	1.005400e-03	2.315100e-04	
2.040000e+01	4.346000e-03	3.288300e-03	3.513400e-04	1.354100e-03	1.636900e-04	
2.050000e+01	4.213000e-03	3.117000e-03	4.022800e-04	1.343900e-03	2.376500e-04	
2.060000e+01	2.730000e-04	1.090000e-04	4.800000e-06	1.560000e-05	4.090000e-06	
2.070000e+01	2.630000e-04	1.050000e-04	4.630000e-06	1.500000e-05	3.940000e-06	
2.080000e+01	2.324000e-03	2.465000e-03	3.836500e-04	8.351000e-04	3.989600e-04	
2.090000e+01	2.580000e-04	1.030000e-04	4.540000e-06	1.470000e-05	3.860000e-06	
2.100000e+01	3.919000e-03	3.087000e-03	4.377500e-04	1.165400e-03	4.130400e-04	
2.110000e+01	3.801000e-03	3.208000e-03	4.377800e-04	1.125500e-03	4.170700e-04	
2.120000e+01	2.257000e-03	2.596000e-03	3.756900e-04	7.982000e-04	3.929900e-04	
2.130000e+01	2.760000e-04	1.100000e-04	4.860000e-06	1.570000e-05	4.130000e-06	
2.140000e+01	2.890000e-04	1.150000e-04	5.090000e-06	1.650000e-05	4.330000e-06	
2.150000e+01	3.911000e-03	3.410000e-03	4.293100e-04	1.097200e-03	4.165100e-04	
2.160000e+01	3.591000e-03	3.156000e-03	4.151200e-04	1.026600e-03	4.193600e-04	
2.170000e+01	2.930000e-04	1.170000e-04	5.160000e-06	1.670000e-05	4.390000e-06	
2.180000e+01	3.020000e-04	1.200000e-04	5.310000e-06	1.720000e-05	4.520000e-06	
2.190000e+01	2.970000e-04	1.180000e-04	5.240000e-06	1.700000e-05	4.460000e-06	
2.200000e+01	3.190000e-04	1.270000e-04	5.620000e-06	1.820000e-05	4.780000e-06	
2.210000e+01	3.200000e-04	1.280000e-04	5.640000e-06	1.830000e-05	4.800000e-06	
2.220000e+01	3.140000e-04	1.250000e-04	5.520000e-06	1.790000e-05	4.700000e-06	
2.230000e+01	3.270000e-04	1.310000e-04	5.770000e-06	1.870000e-05	4.910000e-06	
2.240000e+01	3.320000e-04	1.320000e-04	5.850000e-06	1.890000e-05	4.980000e-06	
2.250000e+01	3.390000e-04	1.350000e-04	5.970000e-06	1.930000e-05	5.080000e-06	
2.260000e+01	3.370000e-04	1.340000e-04	5.940000e-06	1.930000e-05	5.050000e-06	
2.270000e+01	3.490000e-04	1.390000e-04	6.140000e-06	1.990000e-05	5.220000e-06	
2.280000e+01	3.610000e-04	1.440000e-04	6.360000e-06	2.060000e-05	5.410000e-06	
2.290000e+01	3.570000e-04	1.420000e-04	6.290000e-06	2.040000e-05	5.350000e-06	
2.300000e+01	3.610000e-04	1.440000e-04	6.350000e-06	2.060000e-05	5.400000e-06	
2.310000e+01	3.660000e-04	1.460000e-04	6.450000e-06	2.090000e-05	5.490000e-06	
2.320000e+01	3.730000e-04	1.490000e-04	6.570000e-06	2.130000e-05	5.590000e-06	
2.330000e+01	3.740000e-04	1.490000e-04	6.580000e-06	2.130000e-05	5.600000e-06	
2.340000e+01	3.820000e-04	1.520000e-04	6.730000e-06	2.180000e-05	5.730000e-06	
2.350000e+01	3.830000e-04	1.530000e-04	6.740000e-06	2.180000e-05	5.740000e-06	
2.360000e+01	4.120000e-04	1.640000e-04	7.260000e-06	2.350000e-05	6.180000e-06	
2.370000e+01	4.100000e-04	1.630000e-04	7.220000e-06	2.340000e-05	6.140000e-06	
2.380000e+01	4.280000e-04	1.700000e-04	7.530000e-06	2.440000e-05	6.410000e-06	
2.390000e+01	4.110000e-04	1.640000e-04	7.230000e-06	2.340000e-05	6.150000e-06	
2.400000e+01	4.380000e-04	1.750000e-04	7.720000e-06	2.500000e-05	6.570000e-06	
2.410000e+01	4.270000e-04	1.700000e-04	7.520000e-06	2.440000e-05	6.400000e-06	
2.420000e+01	4.950000e-04	1.970000e-04	8.720000e-06	2.820000e-05	7.420000e-06	
2.430000e+01	4.380000e-04	1.750000e-04	7.720000e-06	2.500000e-05	6.570000e-06	
2.440000e+01	4.650000e-04	1.850000e-04	8.190000e-06	2.650000e-05	6.960000e-06	
2.450000e+01	4.700000e-04	1.870000e-04	8.280000e-06	2.680000e-05	7.040000e-06	
2.460000e+01	4.770000e-04	1.900000e-04	8.390000e-06	2.720000e-05	7.140000e-06	
2.470000e+01	4.950000e-04	1.970000e-04	8.710000e-06	2.820000e-05	7.410000e-06	
2.480000e+01	4.740000e-04	1.890000e-04	8.350000e-06	2.710000e-05	7.100000e-06	
2.490000e+01	4.850000e-04	1.930000e-04	8.540000e-06	2.770000e-05	7.260000e-06	
2.500000e+01	5.050000e-04	2.010000e-04	8.900000e-06	2.880000e-05	7.570000e-06	
2.510000e+01	5.120000e-04	2.040000e-04	9.010000e-06	2.920000e-05	7.670000e-06	
2.520000e+01	4.369000e-03	5.513000e-03	5.148400e-04	1.691900e-03	4.073700e-04	
2.530000e+01	4.990000e-04	1.990000e-04	8.780000e-06	2.850000e-05	7.470000e-06	
2.540000e+01	3.720000e-03	4.875000e-03	4.935100e-04	1.500800e-03	4.520900e-04	
2.550000e+01	4.265000e-03	5.441000e-03	5.117800e-04	1.651700e-03	4.513200e-04	
2.560000e+01	3.282000e-03	4.170000e-03	7.167200e-04	1.751500e-03	5.822700e-04	
2.570000e+01	3.573000e-03	4.066000e-03	7.235600e-04	1.961000e-03	5.061300e-04	
2.580000e+01	3.594000e-03	4.147000e-03	6.965700e-04	1.921000e-03	4.731400e-04	
2.590000e+01	4.276000e-03	5.250000e-03	5.321000e-04	1.532900e-03	4.806300e-04	
2.600000e+01	4.682000e-03	5.472000e-03	5.833000e-04	1.563200e-03	5.397200e-04	
2.610000e+01	4.047000e-03	4.814000e-03	5.713000e-04	1.433500e-03	5.667900e-04	
2.620000e+01	4.166000e-03	4.898000e-03	5.785000e-04	1.454000e-03	5.679300e-04	
2.630000e+01	4.249000e-03	4.713000e-03	6.087000e-04	1.464700e-03	6.211200e-04	
2.640000e+01	4.601000e-03	4.928000e-03	6.269000e-04	1.525500e-03	6.383100e-04	
2.650000e+01	4.471000e-03	4.799000e-03	6.276000e-04	1.504300e-03	6.430000e-04	
2.660000e+01	6.230000e-04	2.480000e-04	1.100000e-05	3.550000e-05	9.330000e-06	
2.670000e+01	6.420000e-04	2.560000e-04	1.130000e-05	3.660000e-05	9.620000e-06	
2.680000e+01	6.370000e-04	2.540000e-04	1.120000e-05	3.630000e-05	9.540000e-06	
2.690000e+01	6.320000e-04	2.520000e-04	1.110000e-05	3.610000e-05	9.470000e-06	
2.700000e+01	3.891000e-03	3.915000e-03	6.423000e-04	1.416600e-03	7.466000e-04	
2.710000e+01	4.401000e-03	4.233000e-03	6.586000e-04	1.457700e-03	7.639000e-04	
2.720000e+01	4.128000e-03	4.242000e-03	6.516000e-04	1.447500e-03	7.488600e-04	
2.730000e+01	4.155000e-03	4.209000e-03	6.619000e-04	1.478500e-03	7.731000e-04	
2.740000e+01	6.830000e-04	2.720000e-04	1.200000e-05	3.900000e-05	1.020000e-05	
2.750000e+01	6.900000e-04	2.750000e-04	1.220000e-05	3.940000e-05	1.030000e-05	
2.760000e+01	7.030000e-04	2.800000e-04	1.240000e-05	4.010000e-05	1.050000e-05	
2.770000e+01	7.100000e-04	2.830000e-04	1.250000e-05	4.050000e-05	1.060000e-05	
2.780000e+01	7.150000e-04	2.850000e-04	1.260000e-05	4.080000e-05	1.070000e-05	
2.790000e+01	7.030000e-04	2.800000e-04	1.240000e-05	4.010000e-05	1.050000e-05	
2.800000e+01	7.110000e-04	2.830000e-04	1.250000e-05	4.060000e-05	1.060000e-05	
2.810000e+01	7.370000e-04	2.940000e-04	1.300000e-05	4.210000e-05	1.100000e-05	
2.820000e+01	7.530000e-04	3.000000e-04	1.330000e-05	4.300000e-05	1.130000e-05	
2.830000e+01	7.600000e-04	3.030000e-04	1.340000e-05	4.340000e-05	1.140000e-05	
2.840000e+01	7.820000e-04	3.120000e-04	1.380000e-05	4.460000e-05	1.170000e-05	
2.850000e+01	7.690000e-04	3.060000e-04	1.350000e-05	4.390000e-05	1.150000e-05	
2.860000e+01	7.890000e-04	3.140000e-04	1.390000e-05	4.500000e-05	1.180000e-05	
2.870000e+01	7.910000e-04	3.150000e-04	1.390000e-05	4.520000e-05	1.190000e-05	
2.880000e+01	7.930000e-04	3.160000e-04	1.400000e-05	4.520000e-05	1.190000e-05	
2.890000e+01	8.060000e-04	3.210000e-04	1.420000e-05	4.600000e-05	1.210000e-05	
2.900000e+01	7.680000e-04	3.060000e-04	1.350000e-05	4.380000e-05	1.150000e-05	
2.910000e+01	8.190000e-04	3.260000e-04	1.440000e-05	4.670000e-05	1.230000e-05	
2.920000e+01	8.060000e-04	3.210000e-04	1.420000e-05	4.600000e-05	1.210000e-05	
2.930000e+01	8.350000e-04	3.330000e-04	1.470000e-05	4.760000e-05	1.250000e-05	
2.940000e+01	8.480000e-04	3.380000e-04	1.490000e-05	4.840000e-05	1.270000e-05	
2.950000e+01	8.740000e-04	3.480000e-04	1.540000e-05	4.990000e-05	1.310000e-05	
2.960000e+01	8.560000e-04	3.410000e-04	1.510000e-05	4.890000e-05	1.280000e-05	
2.970000e+01	8.610000e-04	3.430000e-04	1.520000e-05	4.910000e-05	1.290000e-05	
2.980000e+01	8.830000e-04	3.520000e-04	1.560000e-05	5.040000e-05	1.320000e-05	
2.990000e+01	8.840000e-04	3.520000e-04	1.560000e-05	5.050000e-05	1.330000e-05	
3.000000e+01	8.940000e-04	3.560000e-04	1.570000e-05	5.100000e-05	1.340000e-05	
3.100000e+01	9.590000e-04	3.820000e-04	1.690000e-05	5.470000e-05	1.440000e-05	
3.200000e+01	1.030000e-03	4.090000e-04	1.810000e-05	5.860000e-05	1.540000e-05	
3.300000e+01	1.090000e-03	4.350000e-04	1.920000e-05	6.220000e-05	1.630000e-05	
3.500000e+01	1.180000e-03	4.690000e-04	2.070000e-05	6.720000e-05	1.760000e-05	
4.000000e+01	1.360000e-03	5.430000e-04	2.400000e-05	7.770000e-05	2.040000e-05	
4.500000e+01	1.630000e-03	8.790000e-04	9.840000e-05	2.060000e-04	8.590000e-05	
5.000000e+01	1.900000e-03	1.030000e-03	1.150000e-04	2.130000e-04	6.220000e-05	
5.500000e+01	2.140000e-03	1.140000e-03	1.280000e-04	2.300000e-04	6.460000e-05	
6.000000e+01	4.910000e-03	4.060000e-03	5.990000e-04	1.276000e-03	8.381000e-04	
7.000000e+01	3.240000e-03	1.410000e-03	1.160000e-04	2.210000e-04	5.930000e-05	
8.000000e+01	3.760000e-03	1.630000e-03	1.340000e-04	2.550000e-04	6.850000e-05	
1.000000e+02	4.820000e-03	2.080000e-03	1.670000e-04	3.200000e-04	8.610000e-05	
1.200000e+02	6.990000e-03	4.420000e-03	4.970000e-04	1.061000e-03	4.570000e-04	
