# Units are Msun
# M_init	pd102	pd104	pd105	pd106	pd108	pd110	
8	0	0	0	0	0	0	
9.000000e+00	3.321000e-10	4.005000e-09	7.280000e-09	9.532000e-09	9.186000e-09	4.058000e-09	
9.250000e+00	3.449000e-10	4.133000e-09	7.468000e-09	9.803000e-09	9.437000e-09	4.167000e-09	
9.500000e+00	3.778000e-10	4.213000e-09	7.698000e-09	1.009800e-08	9.712000e-09	4.318000e-09	
1.000000e+01	3.942000e-10	4.409000e-09	8.140000e-09	1.059800e-08	1.022100e-08	4.566000e-09	
1.025000e+01	4.191000e-10	4.468000e-09	8.368000e-09	1.089600e-08	1.058900e-08	4.705000e-09	
1.050000e+01	4.414000e-10	4.610000e-09	8.491000e-09	1.117500e-08	1.076800e-08	4.866000e-09	
1.075000e+01	5.065000e-10	4.692000e-09	8.725000e-09	1.148000e-08	1.107300e-08	5.018000e-09	
1.100000e+01	4.366000e-10	4.823000e-09	8.827000e-09	1.178200e-08	1.137500e-08	5.059000e-09	
1.125000e+01	4.738000e-10	4.907000e-09	9.045000e-09	1.204200e-08	1.163400e-08	5.285000e-09	
1.150000e+01	5.286000e-10	5.035000e-09	9.364000e-09	1.241300e-08	1.189600e-08	5.464000e-09	
1.175000e+01	4.845000e-10	5.117000e-09	9.428000e-09	1.259000e-08	1.217000e-08	5.557000e-09	
1.200000e+01	5.759000e-10	5.287000e-09	9.640000e-09	1.294000e-08	1.242000e-08	5.703000e-09	
1.225000e+01	6.889000e-10	5.210000e-09	9.950000e-09	1.313000e-08	1.250000e-08	5.870000e-09	
1.250000e+01	7.602000e-10	5.321000e-09	1.010000e-08	1.330000e-08	1.277000e-08	6.009000e-09	
1.275000e+01	6.897000e-10	5.428000e-09	1.023000e-08	1.365000e-08	1.301000e-08	6.197000e-09	
1.300000e+01	6.205000e-10	5.460000e-09	1.039000e-08	1.385000e-08	1.322000e-08	6.344000e-09	
1.310000e+01	7.401000e-10	5.575000e-09	1.034000e-08	1.369000e-08	1.356000e-08	6.311000e-09	
1.320000e+01	7.585000e-10	5.610000e-09	1.042000e-08	1.383000e-08	1.369000e-08	6.378000e-09	
1.330000e+01	7.357000e-10	5.658000e-09	1.053000e-08	1.395000e-08	1.372000e-08	6.453000e-09	
1.340000e+01	6.607000e-10	5.662000e-09	1.058000e-08	1.414000e-08	1.380000e-08	6.501000e-09	
1.350000e+01	6.712000e-10	5.690000e-09	1.065000e-08	1.420000e-08	1.397000e-08	6.561000e-09	
1.360000e+01	8.540000e-10	5.734000e-09	1.071000e-08	1.434000e-08	1.390000e-08	6.631000e-09	
1.370000e+01	8.102000e-10	5.784000e-09	1.079000e-08	1.442000e-08	1.408000e-08	6.681000e-09	
1.380000e+01	8.434000e-10	5.833000e-09	1.083000e-08	1.446000e-08	1.422000e-08	6.750000e-09	
1.390000e+01	8.115000e-10	5.866000e-09	1.096000e-08	1.467000e-08	1.423000e-08	6.770000e-09	
1.400000e+01	8.120000e-15	7.320000e-15	8.070000e-15	2.900000e-14	4.970000e-14	4.030000e-14	
1.410000e+01	8.289000e-10	5.952000e-09	1.103000e-08	1.476000e-08	1.452000e-08	6.930000e-09	
1.420000e+01	8.292000e-10	6.008000e-09	1.111000e-08	1.480000e-08	1.466000e-08	6.980000e-09	
1.430000e+01	8.522000e-10	6.052000e-09	1.119000e-08	1.498000e-08	1.475000e-08	7.020000e-09	
1.440000e+01	9.230000e-10	6.102000e-09	1.125000e-08	1.506000e-08	1.492000e-08	7.080000e-09	
1.450000e+01	9.240000e-10	6.240000e-09	1.121000e-08	1.521000e-08	1.496000e-08	6.950000e-09	
1.460000e+01	9.463000e-10	6.305000e-09	1.138000e-08	1.534000e-08	1.510000e-08	7.100000e-09	
1.470000e+01	9.016000e-10	6.330000e-09	1.139000e-08	1.545000e-08	1.510000e-08	7.040000e-09	
1.480000e+01	8.392000e-10	6.385000e-09	1.148000e-08	1.547000e-08	1.533000e-08	7.180000e-09	
1.490000e+01	8.885000e-10	6.408000e-09	1.156000e-08	1.565000e-08	1.541000e-08	7.230000e-09	
1.500000e+01	1.050000e-10	1.170000e-09	2.360000e-09	2.930000e-09	2.880000e-09	1.290000e-09	
1.510000e+01	9.450000e-11	1.060000e-09	2.130000e-09	2.640000e-09	2.600000e-09	1.170000e-09	
1.520000e+01	5.020000e-10	6.700000e-09	1.172000e-08	1.639000e-08	1.584000e-08	7.030000e-09	
1.530000e+01	9.510000e-11	1.060000e-09	2.140000e-09	2.660000e-09	2.620000e-09	1.180000e-09	
1.540000e+01	9.490000e-11	1.060000e-09	2.140000e-09	2.650000e-09	2.610000e-09	1.170000e-09	
1.550000e+01	9.690000e-11	1.080000e-09	2.180000e-09	2.710000e-09	2.670000e-09	1.200000e-09	
1.560000e+01	1.030000e-10	1.160000e-09	2.330000e-09	2.890000e-09	2.850000e-09	1.280000e-09	
1.570000e+01	5.160000e-10	6.950000e-09	1.209000e-08	1.707000e-08	1.642000e-08	7.280000e-09	
1.580000e+01	5.190000e-10	7.080000e-09	1.217000e-08	1.731000e-08	1.666000e-08	7.300000e-09	
1.590000e+01	1.020000e-10	1.140000e-09	2.300000e-09	2.850000e-09	2.810000e-09	1.260000e-09	
1.600000e+01	5.190000e-10	7.110000e-09	1.222000e-08	1.738000e-08	1.683000e-08	7.420000e-09	
1.610000e+01	5.290000e-10	7.140000e-09	1.242000e-08	1.758000e-08	1.693000e-08	7.550000e-09	
1.620000e+01	5.270000e-10	7.210000e-09	1.241000e-08	1.773000e-08	1.708000e-08	7.540000e-09	
1.630000e+01	5.310000e-10	7.230000e-09	1.250000e-08	1.778000e-08	1.713000e-08	7.600000e-09	
1.640000e+01	5.340000e-10	7.280000e-09	1.259000e-08	1.796000e-08	1.721000e-08	7.640000e-09	
1.650000e+01	5.370000e-10	7.320000e-09	1.267000e-08	1.806000e-08	1.731000e-08	7.680000e-09	
1.660000e+01	5.380000e-10	7.360000e-09	1.269000e-08	1.814000e-08	1.749000e-08	7.760000e-09	
1.670000e+01	5.420000e-10	7.370000e-09	1.279000e-08	1.821000e-08	1.756000e-08	7.790000e-09	
1.680000e+01	5.450000e-10	7.440000e-09	1.287000e-08	1.839000e-08	1.763000e-08	7.860000e-09	
1.690000e+01	5.480000e-10	7.460000e-09	1.291000e-08	1.844000e-08	1.779000e-08	7.890000e-09	
1.700000e+01	5.520000e-10	7.480000e-09	1.305000e-08	1.859000e-08	1.784000e-08	7.950000e-09	
1.710000e+01	5.540000e-10	7.510000e-09	1.309000e-08	1.874000e-08	1.799000e-08	8.020000e-09	
1.720000e+01	1.240000e-10	1.390000e-09	2.810000e-09	3.480000e-09	3.420000e-09	1.540000e-09	
1.730000e+01	1.002000e-09	7.760000e-09	1.304000e-08	1.820000e-08	1.874000e-08	8.380000e-09	
1.740000e+01	9.920000e-10	7.790000e-09	1.315000e-08	1.829000e-08	1.892000e-08	8.500000e-09	
1.750000e+01	8.920000e-10	7.840000e-09	1.318000e-08	1.847000e-08	1.901000e-08	8.450000e-09	
1.760000e+01	1.043000e-09	7.870000e-09	1.326000e-08	1.845000e-08	1.910000e-08	8.550000e-09	
1.770000e+01	1.330000e-10	1.480000e-09	3.000000e-09	3.720000e-09	3.660000e-09	1.650000e-09	
1.780000e+01	1.310000e-10	1.460000e-09	2.960000e-09	3.670000e-09	3.610000e-09	1.620000e-09	
1.790000e+01	9.740000e-10	7.730000e-09	1.347000e-08	1.858000e-08	1.982000e-08	8.710000e-09	
1.800000e+01	1.340000e-10	1.490000e-09	3.010000e-09	3.740000e-09	3.680000e-09	1.650000e-09	
1.810000e+01	9.320000e-10	7.950000e-09	1.358000e-08	1.880000e-08	1.994000e-08	8.690000e-09	
1.820000e+01	1.046000e-09	7.920000e-09	1.372000e-08	1.888000e-08	2.021000e-08	8.780000e-09	
1.830000e+01	9.210000e-10	8.080000e-09	1.379000e-08	1.914000e-08	2.017000e-08	8.780000e-09	
1.840000e+01	9.390000e-10	8.120000e-09	1.379000e-08	1.917000e-08	2.030000e-08	8.850000e-09	
1.850000e+01	9.010000e-10	8.100000e-09	1.390000e-08	1.904000e-08	2.077000e-08	9.290000e-09	
1.860000e+01	1.460000e-10	1.630000e-09	3.300000e-09	4.090000e-09	4.020000e-09	1.810000e-09	
1.870000e+01	1.490000e-10	1.660000e-09	3.360000e-09	4.160000e-09	4.090000e-09	1.840000e-09	
1.880000e+01	1.670000e-10	1.860000e-09	3.760000e-09	4.670000e-09	4.590000e-09	2.060000e-09	
1.890000e+01	1.680000e-10	1.880000e-09	3.790000e-09	4.710000e-09	4.630000e-09	2.080000e-09	
1.900000e+01	1.520000e-10	1.700000e-09	3.440000e-09	4.270000e-09	4.200000e-09	1.890000e-09	
1.910000e+01	1.540000e-10	1.720000e-09	3.460000e-09	4.300000e-09	4.230000e-09	1.900000e-09	
1.920000e+01	6.290000e-10	8.430000e-09	1.479000e-08	2.116000e-08	2.059000e-08	8.950000e-09	
1.930000e+01	6.390000e-10	8.660000e-09	1.480000e-08	2.119000e-08	2.112000e-08	8.900000e-09	
1.940000e+01	1.690000e-10	1.880000e-09	3.800000e-09	4.710000e-09	4.640000e-09	2.090000e-09	
1.950000e+01	1.670000e-10	1.870000e-09	3.770000e-09	4.670000e-09	4.600000e-09	2.070000e-09	
1.960000e+01	1.720000e-10	1.920000e-09	3.880000e-09	4.820000e-09	4.740000e-09	2.130000e-09	
1.970000e+01	1.932000e-09	1.171000e-08	1.468000e-08	2.201000e-08	2.003000e-08	8.050000e-09	
1.980000e+01	1.702000e-09	1.242000e-08	1.478000e-08	2.482000e-08	2.044000e-08	8.390000e-09	
1.990000e+01	1.760000e-10	1.970000e-09	3.980000e-09	4.930000e-09	4.850000e-09	2.180000e-09	
2.000000e+01	1.810000e-10	2.020000e-09	4.080000e-09	5.070000e-09	4.980000e-09	2.240000e-09	
2.010000e+01	1.323000e-09	8.880000e-09	1.483000e-08	2.113000e-08	2.134000e-08	1.074000e-08	
2.020000e+01	1.280000e-09	1.030000e-08	1.499000e-08	2.293000e-08	2.114000e-08	8.510000e-09	
2.030000e+01	1.028000e-09	9.030000e-09	1.537000e-08	2.188000e-08	2.159000e-08	9.340000e-09	
2.040000e+01	1.835000e-09	1.238000e-08	1.509000e-08	2.325000e-08	2.096000e-08	8.250000e-09	
2.050000e+01	1.110000e-09	1.055000e-08	1.533000e-08	2.448000e-08	2.259000e-08	8.420000e-09	
2.060000e+01	2.160000e-10	2.410000e-09	4.860000e-09	6.030000e-09	5.930000e-09	2.670000e-09	
2.070000e+01	2.080000e-10	2.320000e-09	4.680000e-09	5.810000e-09	5.710000e-09	2.570000e-09	
2.080000e+01	1.017000e-09	9.460000e-09	1.550000e-08	2.204000e-08	2.454000e-08	1.023000e-08	
2.090000e+01	2.040000e-10	2.270000e-09	4.590000e-09	5.700000e-09	5.600000e-09	2.520000e-09	
2.100000e+01	7.740000e-10	9.650000e-09	1.590000e-08	2.326000e-08	2.396000e-08	9.880000e-09	
2.110000e+01	7.660000e-10	9.650000e-09	1.603000e-08	2.340000e-08	2.390000e-08	9.990000e-09	
2.120000e+01	1.008000e-09	9.700000e-09	1.605000e-08	2.319000e-08	2.369000e-08	1.001000e-08	
2.130000e+01	2.180000e-10	2.430000e-09	4.910000e-09	6.100000e-09	6.000000e-09	2.700000e-09	
2.140000e+01	2.280000e-10	2.550000e-09	5.150000e-09	6.390000e-09	6.290000e-09	2.830000e-09	
2.150000e+01	6.700000e-10	9.380000e-09	1.647000e-08	2.406000e-08	2.335000e-08	1.004000e-08	
2.160000e+01	6.720000e-10	9.380000e-09	1.658000e-08	2.423000e-08	2.343000e-08	1.012000e-08	
2.170000e+01	2.320000e-10	2.590000e-09	5.220000e-09	6.480000e-09	6.370000e-09	2.870000e-09	
2.180000e+01	2.380000e-10	2.660000e-09	5.370000e-09	6.670000e-09	6.560000e-09	2.950000e-09	
2.190000e+01	2.350000e-10	2.620000e-09	5.300000e-09	6.570000e-09	6.470000e-09	2.910000e-09	
2.200000e+01	2.520000e-10	2.820000e-09	5.690000e-09	7.060000e-09	6.940000e-09	3.120000e-09	
2.210000e+01	2.530000e-10	2.830000e-09	5.710000e-09	7.080000e-09	6.970000e-09	3.140000e-09	
2.220000e+01	2.480000e-10	2.770000e-09	5.590000e-09	6.930000e-09	6.820000e-09	3.070000e-09	
2.230000e+01	2.590000e-10	2.890000e-09	5.830000e-09	7.240000e-09	7.120000e-09	3.200000e-09	
2.240000e+01	2.620000e-10	2.930000e-09	5.920000e-09	7.340000e-09	7.220000e-09	3.250000e-09	
2.250000e+01	2.680000e-10	2.990000e-09	6.030000e-09	7.490000e-09	7.370000e-09	3.310000e-09	
2.260000e+01	2.670000e-10	2.980000e-09	6.010000e-09	7.460000e-09	7.340000e-09	3.300000e-09	
2.270000e+01	2.750000e-10	3.080000e-09	6.210000e-09	7.710000e-09	7.580000e-09	3.410000e-09	
2.280000e+01	2.850000e-10	3.190000e-09	6.430000e-09	7.980000e-09	7.850000e-09	3.530000e-09	
2.290000e+01	2.820000e-10	3.150000e-09	6.360000e-09	7.890000e-09	7.760000e-09	3.490000e-09	
2.300000e+01	2.850000e-10	3.180000e-09	6.420000e-09	7.970000e-09	7.840000e-09	3.530000e-09	
2.310000e+01	2.890000e-10	3.230000e-09	6.520000e-09	8.100000e-09	7.970000e-09	3.580000e-09	
2.320000e+01	2.950000e-10	3.290000e-09	6.640000e-09	8.240000e-09	8.110000e-09	3.650000e-09	
2.330000e+01	2.950000e-10	3.300000e-09	6.650000e-09	8.260000e-09	8.120000e-09	3.650000e-09	
2.340000e+01	3.020000e-10	3.370000e-09	6.810000e-09	8.450000e-09	8.310000e-09	3.740000e-09	
2.350000e+01	3.020000e-10	3.380000e-09	6.820000e-09	8.460000e-09	8.330000e-09	3.750000e-09	
2.360000e+01	3.260000e-10	3.640000e-09	7.340000e-09	9.110000e-09	8.960000e-09	4.030000e-09	
2.370000e+01	3.240000e-10	3.620000e-09	7.300000e-09	9.060000e-09	8.910000e-09	4.010000e-09	
2.380000e+01	3.380000e-10	3.770000e-09	7.620000e-09	9.450000e-09	9.300000e-09	4.180000e-09	
2.390000e+01	3.240000e-10	3.620000e-09	7.310000e-09	9.080000e-09	8.930000e-09	4.020000e-09	
2.400000e+01	3.460000e-10	3.870000e-09	7.800000e-09	9.690000e-09	9.530000e-09	4.290000e-09	
2.410000e+01	3.370000e-10	3.770000e-09	7.600000e-09	9.440000e-09	9.280000e-09	4.180000e-09	
2.420000e+01	3.910000e-10	4.370000e-09	8.810000e-09	1.090000e-08	1.080000e-08	4.840000e-09	
2.430000e+01	3.460000e-10	3.870000e-09	7.810000e-09	9.690000e-09	9.530000e-09	4.290000e-09	
2.440000e+01	3.670000e-10	4.100000e-09	8.280000e-09	1.030000e-08	1.010000e-08	4.550000e-09	
2.450000e+01	3.710000e-10	4.150000e-09	8.370000e-09	1.040000e-08	1.020000e-08	4.600000e-09	
2.460000e+01	3.760000e-10	4.210000e-09	8.490000e-09	1.050000e-08	1.040000e-08	4.660000e-09	
2.470000e+01	3.910000e-10	4.360000e-09	8.810000e-09	1.090000e-08	1.080000e-08	4.840000e-09	
2.480000e+01	3.740000e-10	4.180000e-09	8.440000e-09	1.050000e-08	1.030000e-08	4.640000e-09	
2.490000e+01	3.830000e-10	4.280000e-09	8.630000e-09	1.070000e-08	1.050000e-08	4.740000e-09	
2.500000e+01	3.990000e-10	4.460000e-09	9.000000e-09	1.120000e-08	1.100000e-08	4.940000e-09	
2.510000e+01	4.040000e-10	4.520000e-09	9.120000e-09	1.130000e-08	1.110000e-08	5.010000e-09	
2.520000e+01	5.731000e-09	1.543000e-08	1.862000e-08	2.770000e-08	2.670000e-08	1.062000e-08	
2.530000e+01	3.940000e-10	4.400000e-09	8.880000e-09	1.100000e-08	1.080000e-08	4.880000e-09	
2.540000e+01	5.806000e-09	1.516000e-08	1.879000e-08	2.850000e-08	2.740000e-08	1.085000e-08	
2.550000e+01	5.898000e-09	1.550000e-08	1.887000e-08	2.860000e-08	2.730000e-08	1.084000e-08	
2.560000e+01	1.586000e-09	1.212000e-08	1.884000e-08	3.170000e-08	3.160000e-08	1.107000e-08	
2.570000e+01	1.659000e-09	1.343000e-08	1.876000e-08	3.300000e-08	2.920000e-08	1.077000e-08	
2.580000e+01	2.679000e-09	1.620000e-08	1.920000e-08	3.420000e-08	2.840000e-08	1.072000e-08	
2.590000e+01	7.925000e-09	1.507000e-08	1.929000e-08	2.880000e-08	2.860000e-08	1.088000e-08	
2.600000e+01	3.710000e-09	1.417000e-08	1.940000e-08	2.940000e-08	2.960000e-08	1.103000e-08	
2.610000e+01	2.913000e-09	1.409000e-08	1.939000e-08	2.970000e-08	3.000000e-08	1.105000e-08	
2.620000e+01	2.711000e-09	1.416000e-08	1.948000e-08	2.980000e-08	3.020000e-08	1.107000e-08	
2.630000e+01	1.661000e-09	1.411000e-08	1.960000e-08	3.020000e-08	3.080000e-08	1.116000e-08	
2.640000e+01	1.475000e-09	1.421000e-08	1.977000e-08	3.050000e-08	3.130000e-08	1.123000e-08	
2.650000e+01	1.505000e-09	1.423000e-08	1.983000e-08	3.060000e-08	3.130000e-08	1.129000e-08	
2.660000e+01	4.920000e-10	5.500000e-09	1.110000e-08	1.380000e-08	1.350000e-08	6.090000e-09	
2.670000e+01	5.070000e-10	5.660000e-09	1.140000e-08	1.420000e-08	1.390000e-08	6.280000e-09	
2.680000e+01	5.030000e-10	5.620000e-09	1.130000e-08	1.410000e-08	1.380000e-08	6.230000e-09	
2.690000e+01	4.990000e-10	5.580000e-09	1.130000e-08	1.400000e-08	1.370000e-08	6.180000e-09	
2.700000e+01	1.149000e-09	1.494000e-08	2.028000e-08	3.160000e-08	3.270000e-08	1.159000e-08	
2.710000e+01	1.168000e-09	1.507000e-08	2.039000e-08	3.180000e-08	3.300000e-08	1.169000e-08	
2.720000e+01	1.190000e-09	1.509000e-08	2.044000e-08	3.190000e-08	3.310000e-08	1.167000e-08	
2.730000e+01	1.145000e-09	1.536000e-08	2.053000e-08	3.220000e-08	3.340000e-08	1.170000e-08	
2.740000e+01	5.400000e-10	6.030000e-09	1.220000e-08	1.510000e-08	1.490000e-08	6.690000e-09	
2.750000e+01	5.450000e-10	6.090000e-09	1.230000e-08	1.520000e-08	1.500000e-08	6.750000e-09	
2.760000e+01	5.550000e-10	6.210000e-09	1.250000e-08	1.560000e-08	1.530000e-08	6.880000e-09	
2.770000e+01	5.610000e-10	6.270000e-09	1.270000e-08	1.570000e-08	1.540000e-08	6.950000e-09	
2.780000e+01	5.650000e-10	6.310000e-09	1.270000e-08	1.580000e-08	1.550000e-08	6.990000e-09	
2.790000e+01	5.550000e-10	6.200000e-09	1.250000e-08	1.550000e-08	1.530000e-08	6.880000e-09	
2.800000e+01	5.610000e-10	6.280000e-09	1.270000e-08	1.570000e-08	1.550000e-08	6.960000e-09	
2.810000e+01	5.820000e-10	6.510000e-09	1.310000e-08	1.630000e-08	1.600000e-08	7.210000e-09	
2.820000e+01	5.950000e-10	6.650000e-09	1.340000e-08	1.660000e-08	1.640000e-08	7.370000e-09	
2.830000e+01	6.000000e-10	6.710000e-09	1.350000e-08	1.680000e-08	1.650000e-08	7.440000e-09	
2.840000e+01	6.180000e-10	6.900000e-09	1.390000e-08	1.730000e-08	1.700000e-08	7.650000e-09	
2.850000e+01	6.070000e-10	6.780000e-09	1.370000e-08	1.700000e-08	1.670000e-08	7.520000e-09	
2.860000e+01	6.230000e-10	6.960000e-09	1.400000e-08	1.740000e-08	1.720000e-08	7.720000e-09	
2.870000e+01	6.250000e-10	6.990000e-09	1.410000e-08	1.750000e-08	1.720000e-08	7.740000e-09	
2.880000e+01	6.260000e-10	7.000000e-09	1.410000e-08	1.750000e-08	1.720000e-08	7.750000e-09	
2.890000e+01	6.370000e-10	7.120000e-09	1.440000e-08	1.780000e-08	1.750000e-08	7.890000e-09	
2.900000e+01	6.070000e-10	6.780000e-09	1.370000e-08	1.700000e-08	1.670000e-08	7.510000e-09	
2.910000e+01	6.470000e-10	7.230000e-09	1.460000e-08	1.810000e-08	1.780000e-08	8.010000e-09	
2.920000e+01	6.360000e-10	7.110000e-09	1.430000e-08	1.780000e-08	1.750000e-08	7.880000e-09	
2.930000e+01	6.590000e-10	7.370000e-09	1.490000e-08	1.840000e-08	1.810000e-08	8.160000e-09	
2.940000e+01	6.700000e-10	7.490000e-09	1.510000e-08	1.880000e-08	1.840000e-08	8.300000e-09	
2.950000e+01	6.900000e-10	7.710000e-09	1.560000e-08	1.930000e-08	1.900000e-08	8.550000e-09	
2.960000e+01	6.760000e-10	7.560000e-09	1.520000e-08	1.890000e-08	1.860000e-08	8.370000e-09	
2.970000e+01	6.790000e-10	7.600000e-09	1.530000e-08	1.900000e-08	1.870000e-08	8.420000e-09	
2.980000e+01	6.970000e-10	7.800000e-09	1.570000e-08	1.950000e-08	1.920000e-08	8.640000e-09	
2.990000e+01	6.980000e-10	7.810000e-09	1.570000e-08	1.950000e-08	1.920000e-08	8.650000e-09	
3.000000e+01	7.060000e-10	7.890000e-09	1.590000e-08	1.980000e-08	1.940000e-08	8.740000e-09	
3.100000e+01	7.570000e-10	8.460000e-09	1.710000e-08	2.120000e-08	2.080000e-08	9.380000e-09	
3.200000e+01	8.100000e-10	9.060000e-09	1.830000e-08	2.270000e-08	2.230000e-08	1.000000e-08	
3.300000e+01	8.610000e-10	9.630000e-09	1.940000e-08	2.410000e-08	2.370000e-08	1.070000e-08	
3.500000e+01	9.300000e-10	1.040000e-08	2.100000e-08	2.600000e-08	2.560000e-08	1.150000e-08	
4.000000e+01	1.070000e-09	1.200000e-08	2.420000e-08	3.010000e-08	2.960000e-08	1.330000e-08	
4.500000e+01	1.270000e-09	1.680000e-08	2.930000e-08	3.870000e-08	3.900000e-08	1.580000e-08	
5.000000e+01	1.400000e-09	2.390000e-08	3.370000e-08	4.930000e-08	5.220000e-08	1.740000e-08	
5.500000e+01	1.530000e-09	2.810000e-08	3.740000e-08	5.670000e-08	6.110000e-08	1.920000e-08	
6.000000e+01	1.712000e-09	3.829000e-08	4.562000e-08	7.979000e-08	8.376000e-08	2.543000e-08	
7.000000e+01	2.050000e-09	4.680000e-08	5.220000e-08	8.980000e-08	9.000000e-08	2.790000e-08	
8.000000e+01	2.350000e-09	5.510000e-08	6.020000e-08	1.050000e-07	1.040000e-07	3.220000e-08	
1.000000e+02	2.970000e-09	7.280000e-08	7.620000e-08	1.350000e-07	1.320000e-07	4.140000e-08	
1.200000e+02	4.145000e-09	9.027000e-08	9.301000e-08	1.682000e-07	1.673000e-07	5.302000e-08	
