# Units are Msun
# M_init	pt192	pt194	pt195	pt196	pt198	
8	0	0	0	0	0	
9.000000e+00	7.920000e-10	1.954800e-08	1.936700e-08	1.570100e-08	4.253000e-09	
9.250000e+00	8.271000e-10	2.009300e-08	1.991300e-08	1.613500e-08	4.363000e-09	
9.500000e+00	8.374000e-10	2.054500e-08	2.036700e-08	1.657600e-08	4.515000e-09	
1.000000e+01	8.694000e-10	2.152900e-08	2.135300e-08	1.734000e-08	4.734000e-09	
1.025000e+01	8.283000e-10	2.192400e-08	2.174800e-08	1.773700e-08	4.902000e-09	
1.050000e+01	8.642000e-10	2.238100e-08	2.220400e-08	1.820300e-08	5.123000e-09	
1.075000e+01	8.664000e-10	2.289100e-08	2.271400e-08	1.851100e-08	5.265000e-09	
1.100000e+01	8.915000e-10	2.349500e-08	2.321800e-08	1.901400e-08	5.366000e-09	
1.125000e+01	8.976000e-10	2.402000e-08	2.374700e-08	1.941100e-08	5.614000e-09	
1.150000e+01	9.191000e-10	2.470000e-08	2.446000e-08	1.987000e-08	5.761000e-09	
1.175000e+01	9.415000e-10	2.508000e-08	2.475000e-08	2.032000e-08	5.840000e-09	
1.200000e+01	1.024100e-09	2.560000e-08	2.528000e-08	2.066000e-08	5.839000e-09	
1.225000e+01	9.703000e-10	2.567000e-08	2.546000e-08	2.039000e-08	6.067000e-09	
1.250000e+01	9.845000e-10	2.604000e-08	2.583000e-08	2.078000e-08	6.189000e-09	
1.275000e+01	1.008500e-09	2.653000e-08	2.632000e-08	2.124000e-08	6.398000e-09	
1.300000e+01	1.030000e-09	2.705000e-08	2.675000e-08	2.162000e-08	6.517000e-09	
1.310000e+01	1.024300e-09	2.715000e-08	2.688000e-08	2.200000e-08	6.369000e-09	
1.320000e+01	1.039100e-09	2.732000e-08	2.716000e-08	2.216000e-08	6.416000e-09	
1.330000e+01	1.034200e-09	2.756000e-08	2.739000e-08	2.233000e-08	6.490000e-09	
1.340000e+01	1.044400e-09	2.774000e-08	2.747000e-08	2.247000e-08	6.539000e-09	
1.350000e+01	1.049000e-09	2.788000e-08	2.762000e-08	2.248000e-08	6.591000e-09	
1.360000e+01	1.046000e-09	2.786000e-08	2.771000e-08	2.250000e-08	6.690000e-09	
1.370000e+01	1.054000e-09	2.811000e-08	2.796000e-08	2.276000e-08	6.690000e-09	
1.380000e+01	1.073000e-09	2.832000e-08	2.807000e-08	2.290000e-08	6.690000e-09	
1.390000e+01	1.067000e-09	2.862000e-08	2.836000e-08	2.308000e-08	6.790000e-09	
1.400000e+01	1.099000e-09	2.882000e-08	2.858000e-08	2.325000e-08	6.840000e-09	
1.410000e+01	1.099000e-09	2.882000e-08	2.858000e-08	2.325000e-08	6.840000e-09	
1.420000e+01	1.122000e-09	2.919000e-08	2.894000e-08	2.360000e-08	6.880000e-09	
1.430000e+01	1.117000e-09	2.936000e-08	2.902000e-08	2.363000e-08	6.940000e-09	
1.440000e+01	1.120000e-09	2.942000e-08	2.918000e-08	2.375000e-08	7.000000e-09	
1.450000e+01	1.187000e-09	2.974000e-08	2.933000e-08	2.411000e-08	6.930000e-09	
1.460000e+01	1.209000e-09	3.008000e-08	2.975000e-08	2.442000e-08	6.900000e-09	
1.470000e+01	1.199000e-09	3.021000e-08	2.979000e-08	2.455000e-08	7.030000e-09	
1.480000e+01	1.240000e-09	3.054000e-08	3.010000e-08	2.486000e-08	6.940000e-09	
1.490000e+01	1.220000e-09	3.070000e-08	3.026000e-08	2.483000e-08	7.120000e-09	
1.500000e+01	1.430000e-10	6.090000e-09	6.280000e-09	4.700000e-09	1.350000e-09	
1.510000e+01	1.290000e-10	5.510000e-09	5.680000e-09	4.250000e-09	1.220000e-09	
1.520000e+01	1.336000e-09	3.135000e-08	3.066000e-08	2.573000e-08	6.910000e-09	
1.530000e+01	1.300000e-10	5.540000e-09	5.710000e-09	4.270000e-09	1.230000e-09	
1.540000e+01	1.300000e-10	5.520000e-09	5.700000e-09	4.260000e-09	1.230000e-09	
1.550000e+01	1.330000e-10	5.650000e-09	5.820000e-09	4.360000e-09	1.250000e-09	
1.560000e+01	1.410000e-10	6.020000e-09	6.210000e-09	4.650000e-09	1.340000e-09	
1.570000e+01	1.360000e-09	3.229000e-08	3.159000e-08	2.673000e-08	7.140000e-09	
1.580000e+01	1.382000e-09	3.256000e-08	3.175000e-08	2.708000e-08	7.170000e-09	
1.590000e+01	1.390000e-10	5.940000e-09	6.130000e-09	4.580000e-09	1.320000e-09	
1.600000e+01	1.380000e-09	3.266000e-08	3.178000e-08	2.730000e-08	7.220000e-09	
1.610000e+01	1.361000e-09	3.300000e-08	3.228000e-08	2.753000e-08	7.360000e-09	
1.620000e+01	1.398000e-09	3.313000e-08	3.234000e-08	2.770000e-08	7.320000e-09	
1.630000e+01	1.395000e-09	3.340000e-08	3.259000e-08	2.778000e-08	7.390000e-09	
1.640000e+01	1.385000e-09	3.357000e-08	3.276000e-08	2.796000e-08	7.430000e-09	
1.650000e+01	1.390000e-09	3.368000e-08	3.288000e-08	2.812000e-08	7.460000e-09	
1.660000e+01	1.393000e-09	3.376000e-08	3.297000e-08	2.817000e-08	7.490000e-09	
1.670000e+01	1.387000e-09	3.399000e-08	3.320000e-08	2.836000e-08	7.560000e-09	
1.680000e+01	1.406000e-09	3.413000e-08	3.334000e-08	2.852000e-08	7.590000e-09	
1.690000e+01	1.388000e-09	3.425000e-08	3.346000e-08	2.871000e-08	7.640000e-09	
1.700000e+01	1.391000e-09	3.446000e-08	3.367000e-08	2.869000e-08	7.680000e-09	
1.710000e+01	1.383000e-09	3.466000e-08	3.388000e-08	2.887000e-08	7.710000e-09	
1.720000e+01	1.700000e-10	7.250000e-09	7.480000e-09	5.590000e-09	1.610000e-09	
1.730000e+01	1.456000e-09	3.498000e-08	3.420000e-08	2.936000e-08	7.620000e-09	
1.740000e+01	1.455000e-09	3.499000e-08	3.433000e-08	2.948000e-08	7.630000e-09	
1.750000e+01	1.454000e-09	3.524000e-08	3.457000e-08	2.964000e-08	7.700000e-09	
1.760000e+01	1.464000e-09	3.540000e-08	3.473000e-08	2.971000e-08	7.740000e-09	
1.770000e+01	1.820000e-10	7.740000e-09	7.980000e-09	5.970000e-09	1.720000e-09	
1.780000e+01	1.790000e-10	7.640000e-09	7.880000e-09	5.890000e-09	1.690000e-09	
1.790000e+01	1.460000e-09	3.587000e-08	3.531000e-08	2.942000e-08	8.010000e-09	
1.800000e+01	1.830000e-10	7.790000e-09	8.030000e-09	6.010000e-09	1.730000e-09	
1.810000e+01	1.501000e-09	3.641000e-08	3.576000e-08	2.995000e-08	7.850000e-09	
1.820000e+01	1.489000e-09	3.647000e-08	3.583000e-08	2.993000e-08	8.010000e-09	
1.830000e+01	1.507000e-09	3.669000e-08	3.594000e-08	3.027000e-08	7.900000e-09	
1.840000e+01	1.514000e-09	3.686000e-08	3.612000e-08	3.047000e-08	7.940000e-09	
1.850000e+01	1.562000e-09	3.694000e-08	3.622000e-08	3.067000e-08	7.990000e-09	
1.860000e+01	2.000000e-10	8.520000e-09	8.790000e-09	6.570000e-09	1.890000e-09	
1.870000e+01	2.030000e-10	8.670000e-09	8.940000e-09	6.690000e-09	1.920000e-09	
1.880000e+01	2.280000e-10	9.710000e-09	1.000000e-08	7.500000e-09	2.150000e-09	
1.890000e+01	2.300000e-10	9.800000e-09	1.010000e-08	7.560000e-09	2.170000e-09	
1.900000e+01	2.090000e-10	8.890000e-09	9.170000e-09	6.860000e-09	1.970000e-09	
1.910000e+01	2.100000e-10	8.950000e-09	9.240000e-09	6.910000e-09	1.990000e-09	
1.920000e+01	1.538000e-09	3.809000e-08	3.738000e-08	3.147000e-08	8.480000e-09	
1.930000e+01	1.584000e-09	3.816000e-08	3.756000e-08	3.168000e-08	8.440000e-09	
1.940000e+01	2.300000e-10	9.820000e-09	1.010000e-08	7.570000e-09	2.180000e-09	
1.950000e+01	2.280000e-10	9.730000e-09	1.000000e-08	7.510000e-09	2.160000e-09	
1.960000e+01	2.360000e-10	1.000000e-08	1.040000e-08	7.740000e-09	2.230000e-09	
1.970000e+01	2.275000e-09	4.810000e-08	4.390000e-08	3.163000e-08	8.330000e-09	
1.980000e+01	2.196000e-09	4.720000e-08	4.020000e-08	3.174000e-08	8.530000e-09	
1.990000e+01	2.410000e-10	1.030000e-08	1.060000e-08	7.930000e-09	2.280000e-09	
2.000000e+01	2.480000e-10	1.060000e-08	1.090000e-08	8.140000e-09	2.340000e-09	
2.010000e+01	1.530000e-09	3.930000e-08	3.860000e-08	3.314000e-08	8.850000e-09	
2.020000e+01	1.930000e-09	4.540000e-08	4.140000e-08	3.246000e-08	8.530000e-09	
2.030000e+01	1.563000e-09	3.960000e-08	3.900000e-08	3.312000e-08	8.970000e-09	
2.040000e+01	2.306000e-09	4.950000e-08	4.520000e-08	3.285000e-08	8.540000e-09	
2.050000e+01	2.163000e-09	4.100000e-08	4.010000e-08	3.294000e-08	8.560000e-09	
2.060000e+01	2.950000e-10	1.250000e-08	1.300000e-08	9.690000e-09	2.780000e-09	
2.070000e+01	2.840000e-10	1.210000e-08	1.250000e-08	9.330000e-09	2.680000e-09	
2.080000e+01	1.665000e-09	4.050000e-08	3.970000e-08	3.428000e-08	8.830000e-09	
2.090000e+01	2.780000e-10	1.190000e-08	1.220000e-08	9.150000e-09	2.630000e-09	
2.100000e+01	1.681000e-09	4.080000e-08	4.010000e-08	3.447000e-08	8.980000e-09	
2.110000e+01	1.683000e-09	4.100000e-08	4.030000e-08	3.464000e-08	9.040000e-09	
2.120000e+01	1.678000e-09	4.120000e-08	4.050000e-08	3.457000e-08	9.080000e-09	
2.130000e+01	2.980000e-10	1.270000e-08	1.310000e-08	9.790000e-09	2.810000e-09	
2.140000e+01	3.120000e-10	1.330000e-08	1.370000e-08	1.030000e-08	2.950000e-09	
2.150000e+01	1.635000e-09	4.160000e-08	4.070000e-08	3.460000e-08	9.330000e-09	
2.160000e+01	1.614000e-09	4.180000e-08	4.090000e-08	3.470000e-08	9.400000e-09	
2.170000e+01	3.170000e-10	1.350000e-08	1.390000e-08	1.040000e-08	2.990000e-09	
2.180000e+01	3.260000e-10	1.390000e-08	1.430000e-08	1.070000e-08	3.080000e-09	
2.190000e+01	3.210000e-10	1.370000e-08	1.410000e-08	1.060000e-08	3.030000e-09	
2.200000e+01	3.450000e-10	1.470000e-08	1.520000e-08	1.130000e-08	3.260000e-09	
2.210000e+01	3.460000e-10	1.470000e-08	1.520000e-08	1.140000e-08	3.270000e-09	
2.220000e+01	3.390000e-10	1.440000e-08	1.490000e-08	1.110000e-08	3.200000e-09	
2.230000e+01	3.540000e-10	1.510000e-08	1.560000e-08	1.160000e-08	3.340000e-09	
2.240000e+01	3.590000e-10	1.530000e-08	1.580000e-08	1.180000e-08	3.390000e-09	
2.250000e+01	3.660000e-10	1.560000e-08	1.610000e-08	1.200000e-08	3.460000e-09	
2.260000e+01	3.640000e-10	1.550000e-08	1.600000e-08	1.200000e-08	3.440000e-09	
2.270000e+01	3.770000e-10	1.600000e-08	1.650000e-08	1.240000e-08	3.560000e-09	
2.280000e+01	3.900000e-10	1.660000e-08	1.710000e-08	1.280000e-08	3.680000e-09	
2.290000e+01	3.860000e-10	1.640000e-08	1.690000e-08	1.270000e-08	3.640000e-09	
2.300000e+01	3.900000e-10	1.660000e-08	1.710000e-08	1.280000e-08	3.680000e-09	
2.310000e+01	3.960000e-10	1.690000e-08	1.740000e-08	1.300000e-08	3.740000e-09	
2.320000e+01	4.030000e-10	1.720000e-08	1.770000e-08	1.320000e-08	3.800000e-09	
2.330000e+01	4.040000e-10	1.720000e-08	1.770000e-08	1.330000e-08	3.810000e-09	
2.340000e+01	4.130000e-10	1.760000e-08	1.820000e-08	1.360000e-08	3.900000e-09	
2.350000e+01	4.140000e-10	1.760000e-08	1.820000e-08	1.360000e-08	3.910000e-09	
2.360000e+01	4.460000e-10	1.900000e-08	1.960000e-08	1.460000e-08	4.210000e-09	
2.370000e+01	4.430000e-10	1.890000e-08	1.950000e-08	1.460000e-08	4.180000e-09	
2.380000e+01	4.620000e-10	1.970000e-08	2.030000e-08	1.520000e-08	4.360000e-09	
2.390000e+01	4.440000e-10	1.890000e-08	1.950000e-08	1.460000e-08	4.190000e-09	
2.400000e+01	4.740000e-10	2.020000e-08	2.080000e-08	1.560000e-08	4.470000e-09	
2.410000e+01	4.620000e-10	1.970000e-08	2.030000e-08	1.520000e-08	4.350000e-09	
2.420000e+01	5.350000e-10	2.280000e-08	2.350000e-08	1.760000e-08	5.050000e-09	
2.430000e+01	4.740000e-10	2.020000e-08	2.080000e-08	1.560000e-08	4.470000e-09	
2.440000e+01	5.030000e-10	2.140000e-08	2.210000e-08	1.650000e-08	4.740000e-09	
2.450000e+01	5.080000e-10	2.160000e-08	2.230000e-08	1.670000e-08	4.790000e-09	
2.460000e+01	5.160000e-10	2.190000e-08	2.260000e-08	1.690000e-08	4.860000e-09	
2.470000e+01	5.350000e-10	2.280000e-08	2.350000e-08	1.760000e-08	5.040000e-09	
2.480000e+01	5.130000e-10	2.180000e-08	2.250000e-08	1.680000e-08	4.830000e-09	
2.490000e+01	5.240000e-10	2.230000e-08	2.300000e-08	1.720000e-08	4.940000e-09	
2.500000e+01	5.470000e-10	2.320000e-08	2.400000e-08	1.790000e-08	5.150000e-09	
2.510000e+01	5.540000e-10	2.360000e-08	2.430000e-08	1.820000e-08	5.220000e-09	
2.520000e+01	1.855000e-09	4.730000e-08	4.730000e-08	3.880000e-08	1.049000e-08	
2.530000e+01	5.400000e-10	2.300000e-08	2.370000e-08	1.770000e-08	5.090000e-09	
2.540000e+01	1.895000e-09	4.800000e-08	4.750000e-08	3.940000e-08	1.060000e-08	
2.550000e+01	1.892000e-09	4.820000e-08	4.790000e-08	3.940000e-08	1.062000e-08	
2.560000e+01	2.438000e-09	4.870000e-08	4.780000e-08	3.910000e-08	1.052000e-08	
2.570000e+01	2.538000e-09	5.140000e-08	5.030000e-08	3.890000e-08	1.049000e-08	
2.580000e+01	2.249000e-09	5.250000e-08	5.100000e-08	3.920000e-08	1.053000e-08	
2.590000e+01	1.845000e-09	4.830000e-08	4.800000e-08	4.020000e-08	1.070000e-08	
2.600000e+01	1.831000e-09	4.850000e-08	4.800000e-08	4.050000e-08	1.081000e-08	
2.610000e+01	1.867000e-09	4.870000e-08	4.820000e-08	4.060000e-08	1.074000e-08	
2.620000e+01	1.867000e-09	4.880000e-08	4.840000e-08	4.090000e-08	1.079000e-08	
2.630000e+01	1.881000e-09	4.900000e-08	4.850000e-08	4.100000e-08	1.078000e-08	
2.640000e+01	1.885000e-09	4.910000e-08	4.860000e-08	4.140000e-08	1.082000e-08	
2.650000e+01	1.873000e-09	4.920000e-08	4.880000e-08	4.120000e-08	1.087000e-08	
2.660000e+01	6.770000e-10	2.870000e-08	2.960000e-08	2.210000e-08	6.350000e-09	
2.670000e+01	6.970000e-10	2.950000e-08	3.050000e-08	2.280000e-08	6.550000e-09	
2.680000e+01	6.920000e-10	2.930000e-08	3.020000e-08	2.260000e-08	6.490000e-09	
2.690000e+01	6.870000e-10	2.910000e-08	3.000000e-08	2.240000e-08	6.450000e-09	
2.700000e+01	1.956000e-09	5.010000e-08	4.960000e-08	4.150000e-08	1.093000e-08	
2.710000e+01	1.958000e-09	5.030000e-08	4.960000e-08	4.210000e-08	1.098000e-08	
2.720000e+01	1.946000e-09	5.060000e-08	4.990000e-08	4.230000e-08	1.104000e-08	
2.730000e+01	1.975000e-09	5.070000e-08	5.000000e-08	4.240000e-08	1.105000e-08	
2.740000e+01	7.440000e-10	3.150000e-08	3.240000e-08	2.430000e-08	6.970000e-09	
2.750000e+01	7.500000e-10	3.170000e-08	3.270000e-08	2.450000e-08	7.030000e-09	
2.760000e+01	7.650000e-10	3.240000e-08	3.340000e-08	2.500000e-08	7.170000e-09	
2.770000e+01	7.730000e-10	3.270000e-08	3.370000e-08	2.520000e-08	7.250000e-09	
2.780000e+01	7.790000e-10	3.290000e-08	3.390000e-08	2.540000e-08	7.290000e-09	
2.790000e+01	7.650000e-10	3.240000e-08	3.330000e-08	2.500000e-08	7.170000e-09	
2.800000e+01	7.750000e-10	3.270000e-08	3.370000e-08	2.530000e-08	7.250000e-09	
2.810000e+01	8.030000e-10	3.390000e-08	3.500000e-08	2.620000e-08	7.520000e-09	
2.820000e+01	8.200000e-10	3.470000e-08	3.570000e-08	2.680000e-08	7.680000e-09	
2.830000e+01	8.280000e-10	3.500000e-08	3.610000e-08	2.700000e-08	7.750000e-09	
2.840000e+01	8.520000e-10	3.600000e-08	3.710000e-08	2.780000e-08	7.980000e-09	
2.850000e+01	8.380000e-10	3.540000e-08	3.650000e-08	2.730000e-08	7.840000e-09	
2.860000e+01	8.600000e-10	3.630000e-08	3.740000e-08	2.800000e-08	8.050000e-09	
2.870000e+01	8.630000e-10	3.640000e-08	3.760000e-08	2.810000e-08	8.070000e-09	
2.880000e+01	8.640000e-10	3.650000e-08	3.760000e-08	2.820000e-08	8.080000e-09	
2.890000e+01	8.800000e-10	3.710000e-08	3.830000e-08	2.860000e-08	8.220000e-09	
2.900000e+01	8.380000e-10	3.540000e-08	3.640000e-08	2.730000e-08	7.830000e-09	
2.910000e+01	8.930000e-10	3.770000e-08	3.890000e-08	2.910000e-08	8.350000e-09	
2.920000e+01	8.790000e-10	3.710000e-08	3.820000e-08	2.860000e-08	8.210000e-09	
2.930000e+01	9.110000e-10	3.840000e-08	3.960000e-08	2.970000e-08	8.510000e-09	
2.940000e+01	9.260000e-10	3.910000e-08	4.030000e-08	3.010000e-08	8.650000e-09	
2.950000e+01	9.530000e-10	4.020000e-08	4.150000e-08	3.100000e-08	8.910000e-09	
2.960000e+01	9.340000e-10	3.940000e-08	4.060000e-08	3.040000e-08	8.730000e-09	
2.970000e+01	9.390000e-10	3.960000e-08	4.080000e-08	3.060000e-08	8.780000e-09	
2.980000e+01	9.640000e-10	4.060000e-08	4.190000e-08	3.140000e-08	9.010000e-09	
2.990000e+01	9.650000e-10	4.070000e-08	4.200000e-08	3.140000e-08	9.020000e-09	
3.000000e+01	9.760000e-10	4.120000e-08	4.240000e-08	3.180000e-08	9.120000e-09	
3.100000e+01	1.050000e-09	4.410000e-08	4.550000e-08	3.400000e-08	9.780000e-09	
3.200000e+01	1.120000e-09	4.720000e-08	4.870000e-08	3.640000e-08	1.050000e-08	
3.300000e+01	1.190000e-09	5.020000e-08	5.180000e-08	3.870000e-08	1.110000e-08	
3.500000e+01	1.290000e-09	5.420000e-08	5.590000e-08	4.190000e-08	1.200000e-08	
4.000000e+01	1.500000e-09	6.270000e-08	6.460000e-08	4.840000e-08	1.390000e-08	
4.500000e+01	2.470000e-09	7.530000e-08	7.680000e-08	5.950000e-08	1.640000e-08	
5.000000e+01	3.730000e-09	8.450000e-08	8.510000e-08	7.050000e-08	1.840000e-08	
5.500000e+01	4.160000e-09	9.290000e-08	9.330000e-08	8.110000e-08	2.050000e-08	
6.000000e+01	6.632000e-09	1.155000e-07	1.084000e-07	1.279000e-07	2.579000e-08	
7.000000e+01	1.080000e-08	1.470000e-07	1.330000e-07	1.690000e-07	3.110000e-08	
8.000000e+01	1.310000e-08	1.710000e-07	1.540000e-07	1.990000e-07	3.590000e-08	
1.000000e+02	1.950000e-08	2.250000e-07	1.960000e-07	2.630000e-07	4.630000e-08	
1.200000e+02	2.389000e-08	2.734000e-07	2.375000e-07	3.228000e-07	5.626000e-08	
