# Units are Msun
# M_init	s32	s33	s34	s36	
8	0	0	0	0	
9.000000e+00	4.071000e-03	3.432200e-05	2.017400e-04	7.484000e-07	
9.250000e+00	4.228000e-03	3.387900e-05	2.030700e-04	8.138000e-07	
9.500000e+00	5.306000e-03	4.064500e-05	2.494500e-04	1.033500e-06	
1.000000e+01	9.409000e-03	5.245000e-05	3.870600e-04	1.656100e-06	
1.025000e+01	1.062800e-02	5.985000e-05	5.270300e-04	1.895900e-06	
1.050000e+01	9.632000e-03	5.859000e-05	4.557100e-04	1.704600e-06	
1.075000e+01	1.362300e-02	7.360000e-05	6.407800e-04	2.014900e-06	
1.100000e+01	1.222400e-02	9.761000e-05	6.348200e-04	2.565000e-06	
1.125000e+01	9.903000e-03	6.167000e-05	4.657300e-04	1.899000e-06	
1.150000e+01	1.319600e-02	7.491000e-05	6.189000e-04	2.009800e-06	
1.175000e+01	9.777000e-03	6.325000e-05	4.632000e-04	2.148100e-06	
1.200000e+01	1.673500e-02	9.524000e-05	8.264000e-04	2.477900e-06	
1.225000e+01	2.516300e-02	1.167700e-04	1.101700e-03	3.433400e-06	
1.250000e+01	2.672000e-02	1.172300e-04	1.044400e-03	3.735000e-06	
1.275000e+01	2.603300e-02	1.203400e-04	1.065000e-03	3.528000e-06	
1.300000e+01	2.696800e-02	1.186200e-04	1.106700e-03	3.715000e-06	
1.310000e+01	2.704600e-02	1.172500e-04	1.010300e-03	3.401000e-06	
1.320000e+01	2.725900e-02	1.183600e-04	1.018900e-03	3.403000e-06	
1.330000e+01	2.743300e-02	1.191500e-04	1.018700e-03	3.418000e-06	
1.340000e+01	2.776100e-02	1.193700e-04	1.030000e-03	3.543000e-06	
1.350000e+01	2.858300e-02	1.235500e-04	1.112100e-03	3.668000e-06	
1.360000e+01	3.172700e-02	1.329100e-04	1.244100e-03	4.017000e-06	
1.370000e+01	3.091900e-02	1.348500e-04	1.283800e-03	4.025000e-06	
1.380000e+01	3.066700e-02	1.332400e-04	1.256000e-03	4.025000e-06	
1.390000e+01	3.110400e-02	1.337200e-04	1.233100e-03	4.032000e-06	
1.400000e+01	3.026100e-02	1.341900e-04	1.235800e-03	4.034000e-06	
1.410000e+01	3.089900e-02	1.334900e-04	1.217500e-03	4.221000e-06	
1.420000e+01	2.924700e-02	1.320700e-04	1.185100e-03	4.011000e-06	
1.430000e+01	3.067400e-02	1.372900e-04	1.246400e-03	4.206000e-06	
1.440000e+01	3.129900e-02	1.374900e-04	1.267500e-03	4.321000e-06	
1.450000e+01	3.311100e-02	1.464100e-04	1.312800e-03	4.164000e-06	
1.460000e+01	3.139300e-02	1.404500e-04	1.287200e-03	4.170000e-06	
1.470000e+01	3.316000e-02	1.479900e-04	1.330400e-03	4.154000e-06	
1.480000e+01	3.130100e-02	1.375100e-04	1.237600e-03	4.172000e-06	
1.490000e+01	3.169500e-02	1.454600e-04	1.307300e-03	4.211000e-06	
1.500000e+01	9.500000e-04	7.720000e-06	4.460000e-05	1.920000e-07	
1.510000e+01	8.590000e-04	6.980000e-06	4.030000e-05	1.740000e-07	
1.520000e+01	7.494000e-02	2.734300e-04	2.268700e-03	5.139000e-06	
1.530000e+01	8.630000e-04	7.020000e-06	4.060000e-05	1.740000e-07	
1.540000e+01	8.610000e-04	7.000000e-06	4.050000e-05	1.740000e-07	
1.550000e+01	8.800000e-04	7.160000e-06	4.130000e-05	1.780000e-07	
1.560000e+01	9.390000e-04	7.640000e-06	4.410000e-05	1.900000e-07	
1.570000e+01	7.529600e-02	2.821000e-04	2.486800e-03	5.351000e-06	
1.580000e+01	6.954500e-02	2.626900e-04	2.174400e-03	5.271000e-06	
1.590000e+01	9.260000e-04	7.530000e-06	4.350000e-05	1.870000e-07	
1.600000e+01	7.943000e-02	2.992000e-04	2.773100e-03	5.768000e-06	
1.610000e+01	7.663500e-02	2.916000e-04	2.553900e-03	5.549000e-06	
1.620000e+01	7.805000e-02	2.985300e-04	2.769300e-03	5.722000e-06	
1.630000e+01	8.266600e-02	3.068600e-04	2.815400e-03	5.715000e-06	
1.640000e+01	7.846100e-02	3.038200e-04	2.905200e-03	5.834000e-06	
1.650000e+01	8.119400e-02	3.110800e-04	2.986700e-03	5.951000e-06	
1.660000e+01	8.918000e-02	3.258200e-04	3.080900e-03	6.169000e-06	
1.670000e+01	9.074000e-02	3.304800e-04	3.169000e-03	6.311000e-06	
1.680000e+01	8.843000e-02	3.304100e-04	3.208600e-03	6.259000e-06	
1.690000e+01	8.845000e-02	3.335600e-04	3.249400e-03	6.413000e-06	
1.700000e+01	9.067000e-02	3.436900e-04	3.410200e-03	6.566000e-06	
1.710000e+01	9.039000e-02	3.418200e-04	3.381000e-03	6.659000e-06	
1.720000e+01	1.130000e-03	9.190000e-06	5.310000e-05	2.280000e-07	
1.730000e+01	3.890000e-02	1.779800e-04	1.351800e-03	7.483000e-06	
1.740000e+01	4.273000e-02	1.900000e-04	1.397700e-03	7.848000e-06	
1.750000e+01	4.896000e-02	2.164300e-04	1.604500e-03	7.794000e-06	
1.760000e+01	4.615000e-02	2.083800e-04	1.524200e-03	7.933000e-06	
1.770000e+01	1.210000e-03	9.810000e-06	5.670000e-05	2.440000e-07	
1.780000e+01	1.190000e-03	9.680000e-06	5.590000e-05	2.410000e-07	
1.790000e+01	3.970000e-02	1.837200e-04	1.516200e-03	7.802000e-06	
1.800000e+01	1.210000e-03	9.870000e-06	5.700000e-05	2.450000e-07	
1.810000e+01	3.860000e-02	1.837800e-04	1.556500e-03	7.983000e-06	
1.820000e+01	3.916000e-02	1.822000e-04	1.489100e-03	8.274000e-06	
1.830000e+01	3.895000e-02	1.801000e-04	1.478500e-03	8.252000e-06	
1.840000e+01	3.879000e-02	1.805000e-04	1.480500e-03	8.340000e-06	
1.850000e+01	2.811000e-02	1.495000e-04	1.206200e-03	9.965000e-06	
1.860000e+01	1.330000e-03	1.080000e-05	6.240000e-05	2.680000e-07	
1.870000e+01	1.350000e-03	1.100000e-05	6.350000e-05	2.730000e-07	
1.880000e+01	1.510000e-03	1.230000e-05	7.110000e-05	3.060000e-07	
1.890000e+01	1.530000e-03	1.240000e-05	7.180000e-05	3.090000e-07	
1.900000e+01	1.390000e-03	1.130000e-05	6.510000e-05	2.800000e-07	
1.910000e+01	1.400000e-03	1.130000e-05	6.560000e-05	2.820000e-07	
1.920000e+01	5.475000e-02	2.638000e-04	2.248000e-03	1.007300e-05	
1.930000e+01	6.109000e-02	2.631000e-04	1.960000e-03	1.060100e-05	
1.940000e+01	1.530000e-03	1.240000e-05	7.190000e-05	3.090000e-07	
1.950000e+01	1.520000e-03	1.230000e-05	7.130000e-05	3.060000e-07	
1.960000e+01	1.560000e-03	1.270000e-05	7.350000e-05	3.160000e-07	
1.970000e+01	2.965600e-01	3.402700e-03	1.567340e-02	2.511600e-05	
1.980000e+01	2.395600e-01	2.732700e-03	1.367350e-02	4.401600e-05	
1.990000e+01	1.600000e-03	1.300000e-05	7.520000e-05	3.240000e-07	
2.000000e+01	1.640000e-03	1.340000e-05	7.720000e-05	3.320000e-07	
2.010000e+01	1.546600e-01	1.193500e-03	8.118200e-03	1.203600e-05	
2.020000e+01	2.597300e-01	2.954100e-03	1.298120e-02	4.284900e-05	
2.030000e+01	2.256800e-01	1.473700e-03	8.828900e-03	1.293900e-05	
2.040000e+01	3.037700e-01	3.504400e-03	1.588310e-02	2.985700e-05	
2.050000e+01	2.407500e-01	2.654200e-03	1.018200e-02	6.805300e-05	
2.060000e+01	1.960000e-03	1.590000e-05	9.190000e-05	3.950000e-07	
2.070000e+01	1.880000e-03	1.530000e-05	8.850000e-05	3.810000e-07	
2.080000e+01	2.779000e-02	1.514000e-04	1.259000e-03	1.288300e-05	
2.090000e+01	1.850000e-03	1.500000e-05	8.690000e-05	3.740000e-07	
2.100000e+01	5.893000e-02	2.587000e-04	1.890800e-03	1.299100e-05	
2.110000e+01	5.735000e-02	2.518000e-04	1.831500e-03	1.309400e-05	
2.120000e+01	3.111000e-02	1.655000e-04	1.379800e-03	1.238600e-05	
2.130000e+01	1.980000e-03	1.610000e-05	9.290000e-05	4.000000e-07	
2.140000e+01	2.070000e-03	1.690000e-05	9.740000e-05	4.190000e-07	
2.150000e+01	1.091600e-01	4.336000e-04	3.862000e-03	1.333700e-05	
2.160000e+01	1.003900e-01	4.050000e-04	3.818000e-03	1.332200e-05	
2.170000e+01	2.100000e-03	1.710000e-05	9.880000e-05	4.250000e-07	
2.180000e+01	2.160000e-03	1.760000e-05	1.020000e-04	4.370000e-07	
2.190000e+01	2.130000e-03	1.740000e-05	1.000000e-04	4.310000e-07	
2.200000e+01	2.290000e-03	1.860000e-05	1.080000e-04	4.630000e-07	
2.210000e+01	2.300000e-03	1.870000e-05	1.080000e-04	4.640000e-07	
2.220000e+01	2.250000e-03	1.830000e-05	1.060000e-04	4.550000e-07	
2.230000e+01	2.350000e-03	1.910000e-05	1.100000e-04	4.750000e-07	
2.240000e+01	2.380000e-03	1.940000e-05	1.120000e-04	4.810000e-07	
2.250000e+01	2.430000e-03	1.980000e-05	1.140000e-04	4.910000e-07	
2.260000e+01	2.420000e-03	1.970000e-05	1.140000e-04	4.890000e-07	
2.270000e+01	2.500000e-03	2.030000e-05	1.170000e-04	5.050000e-07	
2.280000e+01	2.590000e-03	2.110000e-05	1.220000e-04	5.230000e-07	
2.290000e+01	2.560000e-03	2.080000e-05	1.200000e-04	5.180000e-07	
2.300000e+01	2.590000e-03	2.100000e-05	1.210000e-04	5.230000e-07	
2.310000e+01	2.630000e-03	2.140000e-05	1.230000e-04	5.310000e-07	
2.320000e+01	2.680000e-03	2.180000e-05	1.260000e-04	5.410000e-07	
2.330000e+01	2.680000e-03	2.180000e-05	1.260000e-04	5.420000e-07	
2.340000e+01	2.740000e-03	2.230000e-05	1.290000e-04	5.540000e-07	
2.350000e+01	2.750000e-03	2.230000e-05	1.290000e-04	5.550000e-07	
2.360000e+01	2.960000e-03	2.410000e-05	1.390000e-04	5.980000e-07	
2.370000e+01	2.940000e-03	2.390000e-05	1.380000e-04	5.940000e-07	
2.380000e+01	3.070000e-03	2.490000e-05	1.440000e-04	6.200000e-07	
2.390000e+01	2.950000e-03	2.400000e-05	1.380000e-04	5.950000e-07	
2.400000e+01	3.140000e-03	2.560000e-05	1.480000e-04	6.350000e-07	
2.410000e+01	3.060000e-03	2.490000e-05	1.440000e-04	6.190000e-07	
2.420000e+01	3.550000e-03	2.890000e-05	1.670000e-04	7.170000e-07	
2.430000e+01	3.150000e-03	2.560000e-05	1.480000e-04	6.360000e-07	
2.440000e+01	3.330000e-03	2.710000e-05	1.570000e-04	6.740000e-07	
2.450000e+01	3.370000e-03	2.740000e-05	1.580000e-04	6.810000e-07	
2.460000e+01	3.420000e-03	2.780000e-05	1.610000e-04	6.910000e-07	
2.470000e+01	3.550000e-03	2.880000e-05	1.670000e-04	7.170000e-07	
2.480000e+01	3.400000e-03	2.770000e-05	1.600000e-04	6.870000e-07	
2.490000e+01	3.480000e-03	2.830000e-05	1.630000e-04	7.020000e-07	
2.500000e+01	3.630000e-03	2.950000e-05	1.700000e-04	7.320000e-07	
2.510000e+01	3.670000e-03	2.990000e-05	1.720000e-04	7.420000e-07	
2.520000e+01	2.550100e-01	2.582600e-03	2.248800e-02	2.331000e-05	
2.530000e+01	3.580000e-03	2.910000e-05	1.680000e-04	7.230000e-07	
2.540000e+01	2.358700e-01	2.341500e-03	2.008200e-02	2.328200e-05	
2.550000e+01	2.519800e-01	2.522400e-03	2.178700e-02	2.420500e-05	
2.560000e+01	1.899600e-01	2.062200e-03	9.776000e-03	1.268000e-04	
2.570000e+01	2.528900e-01	2.971700e-03	1.598300e-02	8.618700e-05	
2.580000e+01	2.719000e-01	3.181700e-03	1.818300e-02	8.438800e-05	
2.590000e+01	2.861300e-01	2.383600e-03	1.799400e-02	2.173500e-05	
2.600000e+01	2.571700e-01	2.003900e-03	1.439600e-02	2.234300e-05	
2.610000e+01	2.342100e-01	1.824200e-03	1.299800e-02	2.195000e-05	
2.620000e+01	2.322800e-01	1.814800e-03	1.280100e-02	2.206400e-05	
2.630000e+01	1.923700e-01	1.475500e-03	1.002500e-02	2.198200e-05	
2.640000e+01	1.814600e-01	1.366300e-03	9.059000e-03	2.210000e-05	
2.650000e+01	1.853100e-01	1.405100e-03	9.262000e-03	2.237100e-05	
2.660000e+01	4.470000e-03	3.630000e-05	2.100000e-04	9.030000e-07	
2.670000e+01	4.600000e-03	3.750000e-05	2.160000e-04	9.300000e-07	
2.680000e+01	4.570000e-03	3.720000e-05	2.150000e-04	9.230000e-07	
2.690000e+01	4.530000e-03	3.690000e-05	2.130000e-04	9.160000e-07	
2.700000e+01	1.466000e-01	9.964000e-04	6.346000e-03	2.082800e-05	
2.710000e+01	1.437400e-01	1.015600e-03	6.483000e-03	2.135700e-05	
2.720000e+01	1.557200e-01	1.048400e-03	6.902000e-03	2.095400e-05	
2.730000e+01	1.398400e-01	9.414000e-04	5.978000e-03	2.127900e-05	
2.740000e+01	4.900000e-03	3.990000e-05	2.300000e-04	9.910000e-07	
2.750000e+01	4.950000e-03	4.020000e-05	2.320000e-04	9.990000e-07	
2.760000e+01	5.050000e-03	4.100000e-05	2.370000e-04	1.020000e-06	
2.770000e+01	5.100000e-03	4.150000e-05	2.390000e-04	1.030000e-06	
2.780000e+01	5.130000e-03	4.170000e-05	2.410000e-04	1.040000e-06	
2.790000e+01	5.040000e-03	4.100000e-05	2.370000e-04	1.020000e-06	
2.800000e+01	5.100000e-03	4.150000e-05	2.400000e-04	1.030000e-06	
2.810000e+01	5.290000e-03	4.300000e-05	2.480000e-04	1.070000e-06	
2.820000e+01	5.400000e-03	4.390000e-05	2.540000e-04	1.090000e-06	
2.830000e+01	5.450000e-03	4.440000e-05	2.560000e-04	1.100000e-06	
2.840000e+01	5.610000e-03	4.560000e-05	2.640000e-04	1.130000e-06	
2.850000e+01	5.510000e-03	4.480000e-05	2.590000e-04	1.110000e-06	
2.860000e+01	5.660000e-03	4.600000e-05	2.660000e-04	1.140000e-06	
2.870000e+01	5.680000e-03	4.620000e-05	2.670000e-04	1.150000e-06	
2.880000e+01	5.690000e-03	4.620000e-05	2.670000e-04	1.150000e-06	
2.890000e+01	5.790000e-03	4.710000e-05	2.720000e-04	1.170000e-06	
2.900000e+01	5.510000e-03	4.480000e-05	2.590000e-04	1.110000e-06	
2.910000e+01	5.880000e-03	4.780000e-05	2.760000e-04	1.190000e-06	
2.920000e+01	5.780000e-03	4.700000e-05	2.710000e-04	1.170000e-06	
2.930000e+01	5.990000e-03	4.870000e-05	2.810000e-04	1.210000e-06	
2.940000e+01	6.090000e-03	4.950000e-05	2.860000e-04	1.230000e-06	
2.950000e+01	6.270000e-03	5.100000e-05	2.940000e-04	1.270000e-06	
2.960000e+01	6.140000e-03	5.000000e-05	2.880000e-04	1.240000e-06	
2.970000e+01	6.170000e-03	5.020000e-05	2.900000e-04	1.250000e-06	
2.980000e+01	6.340000e-03	5.150000e-05	2.980000e-04	1.280000e-06	
2.990000e+01	6.340000e-03	5.160000e-05	2.980000e-04	1.280000e-06	
3.000000e+01	6.410000e-03	5.220000e-05	3.010000e-04	1.300000e-06	
3.100000e+01	6.880000e-03	5.590000e-05	3.230000e-04	1.390000e-06	
3.200000e+01	7.360000e-03	5.990000e-05	3.460000e-04	1.490000e-06	
3.300000e+01	7.830000e-03	6.370000e-05	3.680000e-04	1.580000e-06	
3.500000e+01	8.450000e-03	6.880000e-05	3.970000e-04	1.710000e-06	
4.000000e+01	9.770000e-03	7.950000e-05	4.590000e-04	1.970000e-06	
4.500000e+01	1.240000e-02	1.110000e-04	6.050000e-04	7.310000e-06	
5.000000e+01	1.550000e-02	1.620000e-04	7.630000e-04	9.830000e-06	
5.500000e+01	1.760000e-02	1.910000e-04	8.650000e-04	1.060000e-05	
6.000000e+01	1.206000e-01	6.180000e-04	4.469000e-03	2.660000e-05	
7.000000e+01	2.490000e-02	2.800000e-04	1.190000e-03	7.150000e-06	
8.000000e+01	2.890000e-02	3.270000e-04	1.380000e-03	8.210000e-06	
1.000000e+02	3.690000e-02	4.190000e-04	1.760000e-03	9.990000e-06	
1.200000e+02	7.660000e-02	6.490000e-04	3.560000e-03	2.280000e-05	
