# Units are Msun
# M_init	zn64	zn66	zn67	zn68	zn70	
8	0	0	0	0	0	
10	0.000000e+00	0.000000e+00	0.000000e+00	0.000000e+00	0.000000e+00	
13	0.000000e+00	0.000000e+00	0.000000e+00	0.000000e+00	0.000000e+00	
15	0.000000e+00	0.000000e+00	0.000000e+00	0.000000e+00	0.000000e+00	
18	0.000000e+00	0.000000e+00	0.000000e+00	0.000000e+00	0.000000e+00	
20	0.000000e+00	0.000000e+00	0.000000e+00	0.000000e+00	0.000000e+00	
25	0.000000e+00	0.000000e+00	0.000000e+00	0.000000e+00	0.000000e+00	
30	0.000000e+00	0.000000e+00	0.000000e+00	0.000000e+00	0.000000e+00	
40	0.000000e+00	0.000000e+00	0.000000e+00	0.000000e+00	0.000000e+00	
