# Units are Msun
# M_init	ga69	ga71	
8	0	0	
9.000000e+00	1.110000e-08	7.600000e-09	
9.250000e+00	1.190000e-08	8.120000e-09	
9.500000e+00	1.280000e-08	8.740000e-09	
1.000000e+01	1.420000e-08	9.710000e-09	
1.025000e+01	1.410000e-08	9.660000e-09	
1.050000e+01	1.340000e-08	9.150000e-09	
1.075000e+01	1.360000e-08	9.270000e-09	
1.100000e+01	1.360000e-08	9.320000e-09	
1.125000e+01	1.580000e-08	1.080000e-08	
1.150000e+01	3.260000e-08	2.230000e-08	
1.175000e+01	4.260000e-08	2.910000e-08	
1.200000e+01	4.790000e-08	3.280000e-08	
1.225000e+01	5.090000e-08	3.480000e-08	
1.250000e+01	5.720000e-08	3.910000e-08	
1.275000e+01	5.870000e-08	4.010000e-08	
1.300000e+01	6.250000e-08	4.270000e-08	
1.310000e+01	7.110000e-08	4.860000e-08	
1.320000e+01	7.250000e-08	4.950000e-08	
1.330000e+01	6.970000e-08	4.760000e-08	
1.340000e+01	7.270000e-08	4.970000e-08	
1.350000e+01	7.520000e-08	5.140000e-08	
1.360000e+01	8.000000e-08	5.470000e-08	
1.370000e+01	7.920000e-08	5.410000e-08	
1.380000e+01	8.440000e-08	5.770000e-08	
1.390000e+01	7.750000e-08	5.300000e-08	
1.400000e+01	0.000000e+00	0.000000e+00	
1.410000e+01	8.790000e-08	6.010000e-08	
1.420000e+01	8.220000e-08	5.620000e-08	
1.430000e+01	8.520000e-08	5.820000e-08	
1.440000e+01	8.800000e-08	6.010000e-08	
1.450000e+01	1.000000e-07	6.860000e-08	
1.460000e+01	8.730000e-08	5.970000e-08	
1.470000e+01	9.460000e-08	6.470000e-08	
1.480000e+01	8.820000e-08	6.030000e-08	
1.490000e+01	8.750000e-08	5.980000e-08	
1.500000e+01	1.050000e-07	7.150000e-08	
1.510000e+01	9.450000e-08	6.460000e-08	
1.520000e+01	1.140000e-07	7.800000e-08	
1.530000e+01	9.510000e-08	6.500000e-08	
1.540000e+01	9.490000e-08	6.480000e-08	
1.550000e+01	9.690000e-08	6.620000e-08	
1.560000e+01	1.030000e-07	7.070000e-08	
1.570000e+01	1.100000e-07	7.490000e-08	
1.580000e+01	1.040000e-07	7.110000e-08	
1.590000e+01	1.020000e-07	6.970000e-08	
1.600000e+01	1.250000e-07	8.510000e-08	
1.610000e+01	1.030000e-07	7.030000e-08	
1.620000e+01	1.160000e-07	7.900000e-08	
1.630000e+01	1.060000e-07	7.270000e-08	
1.640000e+01	1.060000e-07	7.230000e-08	
1.650000e+01	1.090000e-07	7.480000e-08	
1.660000e+01	1.190000e-07	8.160000e-08	
1.670000e+01	1.150000e-07	7.850000e-08	
1.680000e+01	1.140000e-07	7.780000e-08	
1.690000e+01	1.160000e-07	7.920000e-08	
1.700000e+01	1.180000e-07	8.050000e-08	
1.710000e+01	1.200000e-07	8.170000e-08	
1.720000e+01	1.240000e-07	8.500000e-08	
1.730000e+01	1.210000e-07	8.310000e-08	
1.740000e+01	1.350000e-07	9.250000e-08	
1.750000e+01	1.280000e-07	8.730000e-08	
1.760000e+01	1.270000e-07	8.680000e-08	
1.770000e+01	1.330000e-07	9.080000e-08	
1.780000e+01	1.310000e-07	8.960000e-08	
1.790000e+01	1.320000e-07	9.000000e-08	
1.800000e+01	1.340000e-07	9.140000e-08	
1.810000e+01	1.320000e-07	9.050000e-08	
1.820000e+01	1.390000e-07	9.470000e-08	
1.830000e+01	1.370000e-07	9.370000e-08	
1.840000e+01	1.420000e-07	9.690000e-08	
1.850000e+01	1.550000e-07	1.060000e-07	
1.860000e+01	1.460000e-07	1.000000e-07	
1.870000e+01	1.490000e-07	1.020000e-07	
1.880000e+01	1.670000e-07	1.140000e-07	
1.890000e+01	1.680000e-07	1.150000e-07	
1.900000e+01	1.520000e-07	1.040000e-07	
1.910000e+01	1.540000e-07	1.050000e-07	
1.920000e+01	1.590000e-07	1.090000e-07	
1.930000e+01	1.640000e-07	1.120000e-07	
1.940000e+01	1.690000e-07	1.150000e-07	
1.950000e+01	1.670000e-07	1.140000e-07	
1.960000e+01	1.720000e-07	1.180000e-07	
1.970000e+01	1.720000e-07	1.180000e-07	
1.980000e+01	1.720000e-07	1.180000e-07	
1.990000e+01	1.760000e-07	1.210000e-07	
2.000000e+01	1.810000e-07	1.240000e-07	
2.010000e+01	1.830000e-07	1.250000e-07	
2.020000e+01	1.900000e-07	1.300000e-07	
2.030000e+01	1.850000e-07	1.270000e-07	
2.040000e+01	1.950000e-07	1.330000e-07	
2.050000e+01	1.920000e-07	1.310000e-07	
2.060000e+01	2.150000e-07	1.470000e-07	
2.070000e+01	2.070000e-07	1.420000e-07	
2.080000e+01	2.090000e-07	1.430000e-07	
2.090000e+01	2.040000e-07	1.390000e-07	
2.100000e+01	2.130000e-07	1.450000e-07	
2.110000e+01	2.140000e-07	1.470000e-07	
2.120000e+01	2.110000e-07	1.440000e-07	
2.130000e+01	2.180000e-07	1.490000e-07	
2.140000e+01	2.280000e-07	1.560000e-07	
2.150000e+01	2.380000e-07	1.630000e-07	
2.160000e+01	2.300000e-07	1.570000e-07	
2.170000e+01	2.320000e-07	1.580000e-07	
2.180000e+01	2.380000e-07	1.630000e-07	
2.190000e+01	2.350000e-07	1.610000e-07	
2.200000e+01	2.520000e-07	1.720000e-07	
2.210000e+01	2.530000e-07	1.730000e-07	
2.220000e+01	2.480000e-07	1.690000e-07	
2.230000e+01	2.590000e-07	1.770000e-07	
2.240000e+01	2.620000e-07	1.790000e-07	
2.250000e+01	2.680000e-07	1.830000e-07	
2.260000e+01	2.670000e-07	1.820000e-07	
2.270000e+01	2.750000e-07	1.880000e-07	
2.280000e+01	2.850000e-07	1.950000e-07	
2.290000e+01	2.820000e-07	1.930000e-07	
2.300000e+01	2.850000e-07	1.950000e-07	
2.310000e+01	2.890000e-07	1.980000e-07	
2.320000e+01	2.950000e-07	2.010000e-07	
2.330000e+01	2.950000e-07	2.020000e-07	
2.340000e+01	3.020000e-07	2.060000e-07	
2.350000e+01	3.030000e-07	2.070000e-07	
2.360000e+01	3.260000e-07	2.230000e-07	
2.370000e+01	3.240000e-07	2.210000e-07	
2.380000e+01	3.380000e-07	2.310000e-07	
2.390000e+01	3.240000e-07	2.220000e-07	
2.400000e+01	3.460000e-07	2.370000e-07	
2.410000e+01	3.370000e-07	2.310000e-07	
2.420000e+01	3.910000e-07	2.670000e-07	
2.430000e+01	3.460000e-07	2.370000e-07	
2.440000e+01	3.670000e-07	2.510000e-07	
2.450000e+01	3.710000e-07	2.540000e-07	
2.460000e+01	3.770000e-07	2.570000e-07	
2.470000e+01	3.910000e-07	2.670000e-07	
2.480000e+01	3.740000e-07	2.560000e-07	
2.490000e+01	3.830000e-07	2.620000e-07	
2.500000e+01	3.990000e-07	2.730000e-07	
2.510000e+01	4.040000e-07	2.760000e-07	
2.520000e+01	4.410000e-07	3.020000e-07	
2.530000e+01	3.940000e-07	2.690000e-07	
2.540000e+01	4.260000e-07	2.910000e-07	
2.550000e+01	4.390000e-07	3.000000e-07	
2.560000e+01	4.360000e-07	2.980000e-07	
2.570000e+01	4.290000e-07	2.930000e-07	
2.580000e+01	4.290000e-07	2.930000e-07	
2.590000e+01	4.550000e-07	3.110000e-07	
2.600000e+01	4.600000e-07	3.140000e-07	
2.610000e+01	4.630000e-07	3.170000e-07	
2.620000e+01	4.710000e-07	3.220000e-07	
2.630000e+01	4.810000e-07	3.290000e-07	
2.640000e+01	4.910000e-07	3.350000e-07	
2.650000e+01	4.750000e-07	3.240000e-07	
2.660000e+01	4.920000e-07	3.360000e-07	
2.670000e+01	5.070000e-07	3.460000e-07	
2.680000e+01	5.030000e-07	3.440000e-07	
2.690000e+01	4.990000e-07	3.410000e-07	
2.700000e+01	5.060000e-07	3.460000e-07	
2.710000e+01	5.220000e-07	3.570000e-07	
2.720000e+01	5.200000e-07	3.550000e-07	
2.730000e+01	5.330000e-07	3.650000e-07	
2.740000e+01	5.400000e-07	3.690000e-07	
2.750000e+01	5.450000e-07	3.720000e-07	
2.760000e+01	5.560000e-07	3.800000e-07	
2.770000e+01	5.610000e-07	3.840000e-07	
2.780000e+01	5.650000e-07	3.860000e-07	
2.790000e+01	5.550000e-07	3.790000e-07	
2.800000e+01	5.620000e-07	3.840000e-07	
2.810000e+01	5.820000e-07	3.980000e-07	
2.820000e+01	5.950000e-07	4.060000e-07	
2.830000e+01	6.000000e-07	4.100000e-07	
2.840000e+01	6.180000e-07	4.220000e-07	
2.850000e+01	6.070000e-07	4.150000e-07	
2.860000e+01	6.230000e-07	4.260000e-07	
2.870000e+01	6.250000e-07	4.270000e-07	
2.880000e+01	6.260000e-07	4.280000e-07	
2.890000e+01	6.370000e-07	4.350000e-07	
2.900000e+01	6.070000e-07	4.150000e-07	
2.910000e+01	6.470000e-07	4.420000e-07	
2.920000e+01	6.360000e-07	4.350000e-07	
2.930000e+01	6.590000e-07	4.510000e-07	
2.940000e+01	6.700000e-07	4.580000e-07	
2.950000e+01	6.900000e-07	4.720000e-07	
2.960000e+01	6.760000e-07	4.620000e-07	
2.970000e+01	6.800000e-07	4.650000e-07	
2.980000e+01	6.970000e-07	4.770000e-07	
2.990000e+01	6.980000e-07	4.770000e-07	
3.000000e+01	7.060000e-07	4.830000e-07	
3.100000e+01	7.570000e-07	5.180000e-07	
3.200000e+01	8.100000e-07	5.540000e-07	
3.300000e+01	8.620000e-07	5.890000e-07	
3.500000e+01	9.300000e-07	6.360000e-07	
4.000000e+01	1.080000e-06	7.350000e-07	
4.500000e+01	2.400000e-06	1.700000e-06	
5.000000e+01	2.270000e-06	1.660000e-06	
5.500000e+01	2.530000e-06	1.840000e-06	
6.000000e+01	2.580000e-06	1.800000e-06	
7.000000e+01	3.030000e-06	2.080000e-06	
8.000000e+01	3.510000e-06	2.410000e-06	
1.000000e+02	4.440000e-06	3.040000e-06	
1.200000e+02	5.390000e-06	3.690000e-06	
