# Units are Msun
# M_init	ge70	ge72	ge73	ge74	
8	0	0	0	0	
9.000000e+00	1.340000e-08	1.790000e-08	5.070000e-09	2.390000e-08	
9.250000e+00	1.430000e-08	1.920000e-08	5.420000e-09	2.550000e-08	
9.500000e+00	1.540000e-08	2.060000e-08	5.830000e-09	2.750000e-08	
1.000000e+01	1.710000e-08	2.290000e-08	6.490000e-09	3.050000e-08	
1.025000e+01	1.700000e-08	2.280000e-08	6.450000e-09	3.040000e-08	
1.050000e+01	1.610000e-08	2.160000e-08	6.110000e-09	2.880000e-08	
1.075000e+01	1.630000e-08	2.190000e-08	6.190000e-09	2.910000e-08	
1.100000e+01	1.640000e-08	2.200000e-08	6.220000e-09	2.930000e-08	
1.125000e+01	1.900000e-08	2.540000e-08	7.200000e-09	3.390000e-08	
1.150000e+01	3.920000e-08	5.250000e-08	1.490000e-08	7.000000e-08	
1.175000e+01	5.120000e-08	6.860000e-08	1.940000e-08	9.150000e-08	
1.200000e+01	5.760000e-08	7.730000e-08	2.190000e-08	1.030000e-07	
1.225000e+01	6.120000e-08	8.210000e-08	2.320000e-08	1.090000e-07	
1.250000e+01	6.880000e-08	9.230000e-08	2.610000e-08	1.230000e-07	
1.275000e+01	7.060000e-08	9.470000e-08	2.680000e-08	1.260000e-07	
1.300000e+01	7.520000e-08	1.010000e-07	2.850000e-08	1.340000e-07	
1.310000e+01	8.550000e-08	1.150000e-07	3.250000e-08	1.530000e-07	
1.320000e+01	8.710000e-08	1.170000e-07	3.310000e-08	1.560000e-07	
1.330000e+01	8.380000e-08	1.120000e-07	3.180000e-08	1.500000e-07	
1.340000e+01	8.740000e-08	1.170000e-07	3.320000e-08	1.560000e-07	
1.350000e+01	9.040000e-08	1.210000e-07	3.430000e-08	1.620000e-07	
1.360000e+01	9.610000e-08	1.290000e-07	3.650000e-08	1.720000e-07	
1.370000e+01	9.520000e-08	1.280000e-07	3.610000e-08	1.700000e-07	
1.380000e+01	1.020000e-07	1.360000e-07	3.850000e-08	1.820000e-07	
1.390000e+01	9.310000e-08	1.250000e-07	3.540000e-08	1.670000e-07	
1.400000e+01	0.000000e+00	0.000000e+00	0.000000e+00	0.000000e+00	
1.410000e+01	1.060000e-07	1.420000e-07	4.010000e-08	1.890000e-07	
1.420000e+01	9.880000e-08	1.330000e-07	3.750000e-08	1.770000e-07	
1.430000e+01	1.020000e-07	1.370000e-07	3.890000e-08	1.830000e-07	
1.440000e+01	1.060000e-07	1.420000e-07	4.010000e-08	1.890000e-07	
1.450000e+01	1.210000e-07	1.620000e-07	4.580000e-08	2.150000e-07	
1.460000e+01	1.050000e-07	1.410000e-07	3.980000e-08	1.880000e-07	
1.470000e+01	1.140000e-07	1.530000e-07	4.320000e-08	2.030000e-07	
1.480000e+01	1.060000e-07	1.420000e-07	4.020000e-08	1.890000e-07	
1.490000e+01	1.050000e-07	1.410000e-07	3.990000e-08	1.880000e-07	
1.500000e+01	1.260000e-07	1.690000e-07	4.770000e-08	2.250000e-07	
1.510000e+01	1.140000e-07	1.520000e-07	4.310000e-08	2.030000e-07	
1.520000e+01	1.370000e-07	1.840000e-07	5.210000e-08	2.450000e-07	
1.530000e+01	1.140000e-07	1.530000e-07	4.340000e-08	2.040000e-07	
1.540000e+01	1.140000e-07	1.530000e-07	4.330000e-08	2.040000e-07	
1.550000e+01	1.170000e-07	1.560000e-07	4.420000e-08	2.080000e-07	
1.560000e+01	1.240000e-07	1.670000e-07	4.720000e-08	2.220000e-07	
1.570000e+01	1.320000e-07	1.770000e-07	5.000000e-08	2.360000e-07	
1.580000e+01	1.250000e-07	1.680000e-07	4.750000e-08	2.240000e-07	
1.590000e+01	1.220000e-07	1.640000e-07	4.650000e-08	2.190000e-07	
1.600000e+01	1.500000e-07	2.010000e-07	5.690000e-08	2.680000e-07	
1.610000e+01	1.240000e-07	1.660000e-07	4.700000e-08	2.210000e-07	
1.620000e+01	1.390000e-07	1.860000e-07	5.270000e-08	2.480000e-07	
1.630000e+01	1.280000e-07	1.710000e-07	4.860000e-08	2.290000e-07	
1.640000e+01	1.270000e-07	1.710000e-07	4.830000e-08	2.270000e-07	
1.650000e+01	1.320000e-07	1.760000e-07	5.000000e-08	2.350000e-07	
1.660000e+01	1.440000e-07	1.930000e-07	5.450000e-08	2.570000e-07	
1.670000e+01	1.380000e-07	1.850000e-07	5.240000e-08	2.470000e-07	
1.680000e+01	1.370000e-07	1.840000e-07	5.200000e-08	2.450000e-07	
1.690000e+01	1.390000e-07	1.870000e-07	5.290000e-08	2.490000e-07	
1.700000e+01	1.410000e-07	1.900000e-07	5.370000e-08	2.530000e-07	
1.710000e+01	1.440000e-07	1.930000e-07	5.450000e-08	2.570000e-07	
1.720000e+01	1.500000e-07	2.010000e-07	5.680000e-08	2.670000e-07	
1.730000e+01	1.460000e-07	1.960000e-07	5.550000e-08	2.610000e-07	
1.740000e+01	1.630000e-07	2.180000e-07	6.180000e-08	2.910000e-07	
1.750000e+01	1.530000e-07	2.060000e-07	5.830000e-08	2.740000e-07	
1.760000e+01	1.530000e-07	2.050000e-07	5.800000e-08	2.730000e-07	
1.770000e+01	1.600000e-07	2.140000e-07	6.060000e-08	2.860000e-07	
1.780000e+01	1.580000e-07	2.110000e-07	5.980000e-08	2.820000e-07	
1.790000e+01	1.580000e-07	2.120000e-07	6.010000e-08	2.830000e-07	
1.800000e+01	1.610000e-07	2.150000e-07	6.100000e-08	2.870000e-07	
1.810000e+01	1.590000e-07	2.130000e-07	6.040000e-08	2.850000e-07	
1.820000e+01	1.660000e-07	2.230000e-07	6.320000e-08	2.980000e-07	
1.830000e+01	1.650000e-07	2.210000e-07	6.260000e-08	2.950000e-07	
1.840000e+01	1.700000e-07	2.280000e-07	6.470000e-08	3.050000e-07	
1.850000e+01	1.870000e-07	2.500000e-07	7.080000e-08	3.340000e-07	
1.860000e+01	1.760000e-07	2.360000e-07	6.670000e-08	3.140000e-07	
1.870000e+01	1.790000e-07	2.400000e-07	6.790000e-08	3.200000e-07	
1.880000e+01	2.000000e-07	2.690000e-07	7.610000e-08	3.580000e-07	
1.890000e+01	2.020000e-07	2.710000e-07	7.680000e-08	3.620000e-07	
1.900000e+01	1.830000e-07	2.460000e-07	6.960000e-08	3.280000e-07	
1.910000e+01	1.850000e-07	2.480000e-07	7.020000e-08	3.300000e-07	
1.920000e+01	1.920000e-07	2.570000e-07	7.280000e-08	3.430000e-07	
1.930000e+01	1.970000e-07	2.650000e-07	7.490000e-08	3.530000e-07	
1.940000e+01	2.020000e-07	2.720000e-07	7.690000e-08	3.620000e-07	
1.950000e+01	2.010000e-07	2.690000e-07	7.620000e-08	3.590000e-07	
1.960000e+01	2.070000e-07	2.780000e-07	7.860000e-08	3.700000e-07	
1.970000e+01	2.070000e-07	2.770000e-07	7.850000e-08	3.700000e-07	
1.980000e+01	2.070000e-07	2.780000e-07	7.860000e-08	3.700000e-07	
1.990000e+01	2.120000e-07	2.840000e-07	8.050000e-08	3.790000e-07	
2.000000e+01	2.180000e-07	2.920000e-07	8.270000e-08	3.890000e-07	
2.010000e+01	2.200000e-07	2.950000e-07	8.360000e-08	3.940000e-07	
2.020000e+01	2.290000e-07	3.070000e-07	8.690000e-08	4.090000e-07	
2.030000e+01	2.220000e-07	2.980000e-07	8.450000e-08	3.980000e-07	
2.040000e+01	2.340000e-07	3.140000e-07	8.890000e-08	4.180000e-07	
2.050000e+01	2.310000e-07	3.100000e-07	8.770000e-08	4.130000e-07	
2.060000e+01	2.590000e-07	3.470000e-07	9.830000e-08	4.630000e-07	
2.070000e+01	2.490000e-07	3.350000e-07	9.470000e-08	4.460000e-07	
2.080000e+01	2.510000e-07	3.360000e-07	9.520000e-08	4.480000e-07	
2.090000e+01	2.450000e-07	3.280000e-07	9.290000e-08	4.380000e-07	
2.100000e+01	2.560000e-07	3.430000e-07	9.720000e-08	4.580000e-07	
2.110000e+01	2.580000e-07	3.460000e-07	9.790000e-08	4.610000e-07	
2.120000e+01	2.530000e-07	3.390000e-07	9.610000e-08	4.530000e-07	
2.130000e+01	2.620000e-07	3.510000e-07	9.940000e-08	4.680000e-07	
2.140000e+01	2.740000e-07	3.680000e-07	1.040000e-07	4.910000e-07	
2.150000e+01	2.860000e-07	3.840000e-07	1.090000e-07	5.110000e-07	
2.160000e+01	2.760000e-07	3.700000e-07	1.050000e-07	4.940000e-07	
2.170000e+01	2.780000e-07	3.730000e-07	1.060000e-07	4.980000e-07	
2.180000e+01	2.860000e-07	3.840000e-07	1.090000e-07	5.120000e-07	
2.190000e+01	2.820000e-07	3.790000e-07	1.070000e-07	5.050000e-07	
2.200000e+01	3.030000e-07	4.070000e-07	1.150000e-07	5.420000e-07	
2.210000e+01	3.040000e-07	4.080000e-07	1.150000e-07	5.440000e-07	
2.220000e+01	2.980000e-07	3.990000e-07	1.130000e-07	5.320000e-07	
2.230000e+01	3.110000e-07	4.170000e-07	1.180000e-07	5.560000e-07	
2.240000e+01	3.150000e-07	4.230000e-07	1.200000e-07	5.640000e-07	
2.250000e+01	3.220000e-07	4.320000e-07	1.220000e-07	5.750000e-07	
2.260000e+01	3.200000e-07	4.300000e-07	1.220000e-07	5.730000e-07	
2.270000e+01	3.310000e-07	4.440000e-07	1.260000e-07	5.920000e-07	
2.280000e+01	3.430000e-07	4.600000e-07	1.300000e-07	6.130000e-07	
2.290000e+01	3.390000e-07	4.550000e-07	1.290000e-07	6.060000e-07	
2.300000e+01	3.420000e-07	4.590000e-07	1.300000e-07	6.120000e-07	
2.310000e+01	3.480000e-07	4.670000e-07	1.320000e-07	6.220000e-07	
2.320000e+01	3.540000e-07	4.750000e-07	1.340000e-07	6.330000e-07	
2.330000e+01	3.550000e-07	4.760000e-07	1.350000e-07	6.340000e-07	
2.340000e+01	3.630000e-07	4.870000e-07	1.380000e-07	6.490000e-07	
2.350000e+01	3.630000e-07	4.880000e-07	1.380000e-07	6.500000e-07	
2.360000e+01	3.910000e-07	5.250000e-07	1.490000e-07	7.000000e-07	
2.370000e+01	3.890000e-07	5.220000e-07	1.480000e-07	6.960000e-07	
2.380000e+01	4.060000e-07	5.450000e-07	1.540000e-07	7.260000e-07	
2.390000e+01	3.900000e-07	5.230000e-07	1.480000e-07	6.970000e-07	
2.400000e+01	4.160000e-07	5.580000e-07	1.580000e-07	7.440000e-07	
2.410000e+01	4.050000e-07	5.440000e-07	1.540000e-07	7.250000e-07	
2.420000e+01	4.700000e-07	6.300000e-07	1.780000e-07	8.400000e-07	
2.430000e+01	4.160000e-07	5.590000e-07	1.580000e-07	7.440000e-07	
2.440000e+01	4.410000e-07	5.920000e-07	1.680000e-07	7.890000e-07	
2.450000e+01	4.460000e-07	5.980000e-07	1.690000e-07	7.980000e-07	
2.460000e+01	4.530000e-07	6.070000e-07	1.720000e-07	8.090000e-07	
2.470000e+01	4.690000e-07	6.300000e-07	1.780000e-07	8.390000e-07	
2.480000e+01	4.500000e-07	6.040000e-07	1.710000e-07	8.050000e-07	
2.490000e+01	4.600000e-07	6.170000e-07	1.750000e-07	8.230000e-07	
2.500000e+01	4.800000e-07	6.430000e-07	1.820000e-07	8.580000e-07	
2.510000e+01	4.860000e-07	6.520000e-07	1.850000e-07	8.690000e-07	
2.520000e+01	5.310000e-07	7.120000e-07	2.010000e-07	9.490000e-07	
2.530000e+01	4.740000e-07	6.350000e-07	1.800000e-07	8.470000e-07	
2.540000e+01	5.120000e-07	6.880000e-07	1.950000e-07	9.160000e-07	
2.550000e+01	5.270000e-07	7.070000e-07	2.000000e-07	9.420000e-07	
2.560000e+01	5.240000e-07	7.030000e-07	1.990000e-07	9.370000e-07	
2.570000e+01	5.150000e-07	6.910000e-07	1.960000e-07	9.210000e-07	
2.580000e+01	5.160000e-07	6.920000e-07	1.960000e-07	9.230000e-07	
2.590000e+01	5.470000e-07	7.340000e-07	2.080000e-07	9.780000e-07	
2.600000e+01	5.520000e-07	7.410000e-07	2.100000e-07	9.880000e-07	
2.610000e+01	5.570000e-07	7.470000e-07	2.120000e-07	9.960000e-07	
2.620000e+01	5.660000e-07	7.590000e-07	2.150000e-07	1.010000e-06	
2.630000e+01	5.780000e-07	7.750000e-07	2.190000e-07	1.030000e-06	
2.640000e+01	5.900000e-07	7.910000e-07	2.240000e-07	1.060000e-06	
2.650000e+01	5.700000e-07	7.650000e-07	2.170000e-07	1.020000e-06	
2.660000e+01	5.910000e-07	7.930000e-07	2.250000e-07	1.060000e-06	
2.670000e+01	6.090000e-07	8.170000e-07	2.310000e-07	1.090000e-06	
2.680000e+01	6.040000e-07	8.110000e-07	2.300000e-07	1.080000e-06	
2.690000e+01	6.000000e-07	8.050000e-07	2.280000e-07	1.070000e-06	
2.700000e+01	6.080000e-07	8.160000e-07	2.310000e-07	1.090000e-06	
2.710000e+01	6.270000e-07	8.410000e-07	2.380000e-07	1.120000e-06	
2.720000e+01	6.250000e-07	8.380000e-07	2.370000e-07	1.120000e-06	
2.730000e+01	6.410000e-07	8.600000e-07	2.430000e-07	1.150000e-06	
2.740000e+01	6.490000e-07	8.700000e-07	2.460000e-07	1.160000e-06	
2.750000e+01	6.550000e-07	8.780000e-07	2.490000e-07	1.170000e-06	
2.760000e+01	6.680000e-07	8.960000e-07	2.530000e-07	1.190000e-06	
2.770000e+01	6.740000e-07	9.050000e-07	2.560000e-07	1.210000e-06	
2.780000e+01	6.790000e-07	9.110000e-07	2.580000e-07	1.210000e-06	
2.790000e+01	6.670000e-07	8.950000e-07	2.530000e-07	1.190000e-06	
2.800000e+01	6.750000e-07	9.050000e-07	2.560000e-07	1.210000e-06	
2.810000e+01	7.000000e-07	9.390000e-07	2.660000e-07	1.250000e-06	
2.820000e+01	7.150000e-07	9.590000e-07	2.710000e-07	1.280000e-06	
2.830000e+01	7.210000e-07	9.680000e-07	2.740000e-07	1.290000e-06	
2.840000e+01	7.420000e-07	9.960000e-07	2.820000e-07	1.330000e-06	
2.850000e+01	7.300000e-07	9.790000e-07	2.770000e-07	1.300000e-06	
2.860000e+01	7.490000e-07	1.000000e-06	2.840000e-07	1.340000e-06	
2.870000e+01	7.510000e-07	1.010000e-06	2.850000e-07	1.340000e-06	
2.880000e+01	7.520000e-07	1.010000e-06	2.860000e-07	1.350000e-06	
2.890000e+01	7.660000e-07	1.030000e-06	2.910000e-07	1.370000e-06	
2.900000e+01	7.290000e-07	9.780000e-07	2.770000e-07	1.300000e-06	
2.910000e+01	7.770000e-07	1.040000e-06	2.950000e-07	1.390000e-06	
2.920000e+01	7.650000e-07	1.030000e-06	2.900000e-07	1.370000e-06	
2.930000e+01	7.920000e-07	1.060000e-06	3.010000e-07	1.420000e-06	
2.940000e+01	8.050000e-07	1.080000e-06	3.060000e-07	1.440000e-06	
2.950000e+01	8.290000e-07	1.110000e-06	3.150000e-07	1.480000e-06	
2.960000e+01	8.130000e-07	1.090000e-06	3.090000e-07	1.450000e-06	
2.970000e+01	8.170000e-07	1.100000e-06	3.100000e-07	1.460000e-06	
2.980000e+01	8.380000e-07	1.130000e-06	3.180000e-07	1.500000e-06	
2.990000e+01	8.390000e-07	1.130000e-06	3.190000e-07	1.500000e-06	
3.000000e+01	8.490000e-07	1.140000e-06	3.220000e-07	1.520000e-06	
3.100000e+01	9.100000e-07	1.220000e-06	3.460000e-07	1.630000e-06	
3.200000e+01	9.740000e-07	1.310000e-06	3.700000e-07	1.740000e-06	
3.300000e+01	1.040000e-06	1.390000e-06	3.930000e-07	1.850000e-06	
3.500000e+01	1.120000e-06	1.500000e-06	4.250000e-07	2.000000e-06	
4.000000e+01	1.290000e-06	1.730000e-06	4.910000e-07	2.310000e-06	
4.500000e+01	2.960000e-06	3.130000e-06	8.630000e-07	3.680000e-06	
5.000000e+01	2.840000e-06	3.200000e-06	8.850000e-07	3.970000e-06	
5.500000e+01	3.160000e-06	3.530000e-06	9.790000e-07	4.440000e-06	
6.000000e+01	3.150000e-06	3.710000e-06	1.040000e-06	4.960000e-06	
7.000000e+01	3.670000e-06	4.430000e-06	1.250000e-06	5.990000e-06	
8.000000e+01	4.240000e-06	5.120000e-06	1.440000e-06	6.930000e-06	
1.000000e+02	5.360000e-06	6.520000e-06	1.840000e-06	8.840000e-06	
1.200000e+02	6.500000e-06	7.900000e-06	2.230000e-06	1.070000e-05	
