# Units are Msun
# M_init	p31	
8	0	
9.000000e+00	1.940000e-06	
9.250000e+00	2.070000e-06	
9.500000e+00	2.220000e-06	
1.000000e+01	2.470000e-06	
1.025000e+01	2.460000e-06	
1.050000e+01	2.330000e-06	
1.075000e+01	2.360000e-06	
1.100000e+01	2.370000e-06	
1.125000e+01	2.750000e-06	
1.150000e+01	5.670000e-06	
1.175000e+01	7.410000e-06	
1.200000e+01	8.340000e-06	
1.225000e+01	8.870000e-06	
1.250000e+01	9.960000e-06	
1.275000e+01	1.020000e-05	
1.300000e+01	1.090000e-05	
1.310000e+01	1.240000e-05	
1.320000e+01	1.260000e-05	
1.330000e+01	1.210000e-05	
1.340000e+01	1.270000e-05	
1.350000e+01	1.310000e-05	
1.360000e+01	1.390000e-05	
1.370000e+01	1.380000e-05	
1.380000e+01	1.470000e-05	
1.390000e+01	1.350000e-05	
1.400000e+01	1.460000e-05	
1.410000e+01	1.530000e-05	
1.420000e+01	1.430000e-05	
1.430000e+01	1.480000e-05	
1.440000e+01	1.530000e-05	
1.450000e+01	1.750000e-05	
1.460000e+01	1.520000e-05	
1.470000e+01	1.650000e-05	
1.480000e+01	1.540000e-05	
1.490000e+01	1.520000e-05	
1.500000e+01	1.820000e-05	
1.510000e+01	1.650000e-05	
1.520000e+01	1.990000e-05	
1.530000e+01	1.650000e-05	
1.540000e+01	1.650000e-05	
1.550000e+01	1.690000e-05	
1.560000e+01	1.800000e-05	
1.570000e+01	1.910000e-05	
1.580000e+01	1.810000e-05	
1.590000e+01	1.780000e-05	
1.600000e+01	2.170000e-05	
1.610000e+01	1.790000e-05	
1.620000e+01	2.010000e-05	
1.630000e+01	1.850000e-05	
1.640000e+01	1.840000e-05	
1.650000e+01	1.900000e-05	
1.660000e+01	2.080000e-05	
1.670000e+01	2.000000e-05	
1.680000e+01	1.980000e-05	
1.690000e+01	2.020000e-05	
1.700000e+01	2.050000e-05	
1.710000e+01	2.080000e-05	
1.720000e+01	2.170000e-05	
1.730000e+01	2.120000e-05	
1.740000e+01	2.360000e-05	
1.750000e+01	2.220000e-05	
1.760000e+01	2.210000e-05	
1.770000e+01	2.310000e-05	
1.780000e+01	2.280000e-05	
1.790000e+01	2.290000e-05	
1.800000e+01	2.330000e-05	
1.810000e+01	2.310000e-05	
1.820000e+01	2.410000e-05	
1.830000e+01	2.390000e-05	
1.840000e+01	2.470000e-05	
1.850000e+01	2.700000e-05	
1.860000e+01	2.550000e-05	
1.870000e+01	2.590000e-05	
1.880000e+01	2.900000e-05	
1.890000e+01	2.930000e-05	
1.900000e+01	2.660000e-05	
1.910000e+01	2.680000e-05	
1.920000e+01	2.780000e-05	
1.930000e+01	2.860000e-05	
1.940000e+01	2.930000e-05	
1.950000e+01	2.910000e-05	
1.960000e+01	3.000000e-05	
1.970000e+01	2.990000e-05	
1.980000e+01	3.000000e-05	
1.990000e+01	3.070000e-05	
2.000000e+01	3.150000e-05	
2.010000e+01	3.190000e-05	
2.020000e+01	3.310000e-05	
2.030000e+01	3.220000e-05	
2.040000e+01	3.390000e-05	
2.050000e+01	3.350000e-05	
2.060000e+01	3.750000e-05	
2.070000e+01	3.610000e-05	
2.080000e+01	3.630000e-05	
2.090000e+01	3.550000e-05	
2.100000e+01	3.710000e-05	
2.110000e+01	3.730000e-05	
2.120000e+01	3.670000e-05	
2.130000e+01	3.790000e-05	
2.140000e+01	3.980000e-05	
2.150000e+01	4.140000e-05	
2.160000e+01	4.000000e-05	
2.170000e+01	4.030000e-05	
2.180000e+01	4.150000e-05	
2.190000e+01	4.090000e-05	
2.200000e+01	4.390000e-05	
2.210000e+01	4.410000e-05	
2.220000e+01	4.310000e-05	
2.230000e+01	4.500000e-05	
2.240000e+01	4.570000e-05	
2.250000e+01	4.660000e-05	
2.260000e+01	4.640000e-05	
2.270000e+01	4.790000e-05	
2.280000e+01	4.970000e-05	
2.290000e+01	4.910000e-05	
2.300000e+01	4.960000e-05	
2.310000e+01	5.040000e-05	
2.320000e+01	5.130000e-05	
2.330000e+01	5.140000e-05	
2.340000e+01	5.260000e-05	
2.350000e+01	5.270000e-05	
2.360000e+01	5.670000e-05	
2.370000e+01	5.640000e-05	
2.380000e+01	5.880000e-05	
2.390000e+01	5.650000e-05	
2.400000e+01	6.030000e-05	
2.410000e+01	5.870000e-05	
2.420000e+01	6.810000e-05	
2.430000e+01	6.030000e-05	
2.440000e+01	6.390000e-05	
2.450000e+01	6.460000e-05	
2.460000e+01	6.550000e-05	
2.470000e+01	6.800000e-05	
2.480000e+01	6.520000e-05	
2.490000e+01	6.670000e-05	
2.500000e+01	6.950000e-05	
2.510000e+01	7.040000e-05	
2.520000e+01	7.690000e-05	
2.530000e+01	6.860000e-05	
2.540000e+01	7.430000e-05	
2.550000e+01	7.630000e-05	
2.560000e+01	7.590000e-05	
2.570000e+01	7.470000e-05	
2.580000e+01	7.480000e-05	
2.590000e+01	7.930000e-05	
2.600000e+01	8.000000e-05	
2.610000e+01	8.070000e-05	
2.620000e+01	8.200000e-05	
2.630000e+01	8.370000e-05	
2.640000e+01	8.550000e-05	
2.650000e+01	8.270000e-05	
2.660000e+01	8.570000e-05	
2.670000e+01	8.830000e-05	
2.680000e+01	8.760000e-05	
2.690000e+01	8.700000e-05	
2.700000e+01	8.810000e-05	
2.710000e+01	9.090000e-05	
2.720000e+01	9.050000e-05	
2.730000e+01	9.290000e-05	
2.740000e+01	9.400000e-05	
2.750000e+01	9.490000e-05	
2.760000e+01	9.670000e-05	
2.770000e+01	9.770000e-05	
2.780000e+01	9.840000e-05	
2.790000e+01	9.670000e-05	
2.800000e+01	9.780000e-05	
2.810000e+01	1.010000e-04	
2.820000e+01	1.040000e-04	
2.830000e+01	1.050000e-04	
2.840000e+01	1.080000e-04	
2.850000e+01	1.060000e-04	
2.860000e+01	1.080000e-04	
2.870000e+01	1.090000e-04	
2.880000e+01	1.090000e-04	
2.890000e+01	1.110000e-04	
2.900000e+01	1.060000e-04	
2.910000e+01	1.130000e-04	
2.920000e+01	1.110000e-04	
2.930000e+01	1.150000e-04	
2.940000e+01	1.170000e-04	
2.950000e+01	1.200000e-04	
2.960000e+01	1.180000e-04	
2.970000e+01	1.180000e-04	
2.980000e+01	1.210000e-04	
2.990000e+01	1.220000e-04	
3.000000e+01	1.230000e-04	
3.100000e+01	1.320000e-04	
3.200000e+01	1.410000e-04	
3.300000e+01	1.500000e-04	
3.500000e+01	1.620000e-04	
4.000000e+01	1.870000e-04	
4.500000e+01	3.760000e-04	
5.000000e+01	4.210000e-04	
5.500000e+01	4.620000e-04	
6.000000e+01	4.460000e-04	
7.000000e+01	5.200000e-04	
8.000000e+01	6.010000e-04	
1.000000e+02	7.610000e-04	
1.200000e+02	9.230000e-04	
