# Units are Msun
# M_init	sr84	sr86	sr87	sr88	
8	0	0	0	0	
9.000000e+00	8.200000e-11	1.490000e-09	1.050000e-09	1.280000e-08	
9.250000e+00	8.770000e-11	1.590000e-09	1.130000e-09	1.360000e-08	
9.500000e+00	9.430000e-11	1.710000e-09	1.210000e-09	1.470000e-08	
1.000000e+01	1.050000e-10	1.900000e-09	1.350000e-09	1.630000e-08	
1.025000e+01	1.040000e-10	1.900000e-09	1.340000e-09	1.620000e-08	
1.050000e+01	9.880000e-11	1.790000e-09	1.270000e-09	1.530000e-08	
1.075000e+01	1.000000e-10	1.820000e-09	1.290000e-09	1.560000e-08	
1.100000e+01	1.010000e-10	1.830000e-09	1.290000e-09	1.560000e-08	
1.125000e+01	1.160000e-10	2.110000e-09	1.490000e-09	1.810000e-08	
1.150000e+01	2.400000e-10	4.370000e-09	3.090000e-09	3.740000e-08	
1.175000e+01	3.140000e-10	5.710000e-09	4.030000e-09	4.880000e-08	
1.200000e+01	3.540000e-10	6.420000e-09	4.540000e-09	5.500000e-08	
1.225000e+01	3.760000e-10	6.830000e-09	4.820000e-09	5.840000e-08	
1.250000e+01	4.220000e-10	7.670000e-09	5.420000e-09	6.560000e-08	
1.275000e+01	4.330000e-10	7.870000e-09	5.560000e-09	6.730000e-08	
1.300000e+01	4.610000e-10	8.380000e-09	5.920000e-09	7.170000e-08	
1.310000e+01	5.250000e-10	9.530000e-09	6.740000e-09	8.160000e-08	
1.320000e+01	5.350000e-10	9.710000e-09	6.870000e-09	8.320000e-08	
1.330000e+01	5.150000e-10	9.330000e-09	6.600000e-09	7.990000e-08	
1.340000e+01	5.370000e-10	9.740000e-09	6.890000e-09	8.340000e-08	
1.350000e+01	5.550000e-10	1.010000e-08	7.120000e-09	8.620000e-08	
1.360000e+01	5.910000e-10	1.070000e-08	7.580000e-09	9.170000e-08	
1.370000e+01	5.850000e-10	1.060000e-08	7.500000e-09	9.080000e-08	
1.380000e+01	6.240000e-10	1.130000e-08	8.000000e-09	9.680000e-08	
1.390000e+01	5.720000e-10	1.040000e-08	7.340000e-09	8.890000e-08	
1.400000e+01	0.000000e+00	0.000000e+00	0.000000e+00	0.000000e+00	
1.410000e+01	6.490000e-10	1.180000e-08	8.330000e-09	1.010000e-07	
1.420000e+01	6.070000e-10	1.100000e-08	7.790000e-09	9.430000e-08	
1.430000e+01	6.290000e-10	1.140000e-08	8.070000e-09	9.770000e-08	
1.440000e+01	6.490000e-10	1.180000e-08	8.330000e-09	1.010000e-07	
1.450000e+01	7.410000e-10	1.340000e-08	9.500000e-09	1.150000e-07	
1.460000e+01	6.450000e-10	1.170000e-08	8.270000e-09	1.000000e-07	
1.470000e+01	6.990000e-10	1.270000e-08	8.970000e-09	1.080000e-07	
1.480000e+01	6.510000e-10	1.180000e-08	8.350000e-09	1.010000e-07	
1.490000e+01	6.460000e-10	1.170000e-08	8.290000e-09	1.000000e-07	
1.500000e+01	7.720000e-10	1.400000e-08	9.910000e-09	1.200000e-07	
1.510000e+01	6.980000e-10	1.270000e-08	8.960000e-09	1.080000e-07	
1.520000e+01	8.430000e-10	1.530000e-08	1.080000e-08	1.310000e-07	
1.530000e+01	7.020000e-10	1.270000e-08	9.010000e-09	1.090000e-07	
1.540000e+01	7.010000e-10	1.270000e-08	8.990000e-09	1.090000e-07	
1.550000e+01	7.160000e-10	1.300000e-08	9.180000e-09	1.110000e-07	
1.560000e+01	7.640000e-10	1.380000e-08	9.800000e-09	1.190000e-07	
1.570000e+01	8.100000e-10	1.470000e-08	1.040000e-08	1.260000e-07	
1.580000e+01	7.690000e-10	1.390000e-08	9.860000e-09	1.190000e-07	
1.590000e+01	7.530000e-10	1.370000e-08	9.660000e-09	1.170000e-07	
1.600000e+01	9.200000e-10	1.670000e-08	1.180000e-08	1.430000e-07	
1.610000e+01	7.600000e-10	1.380000e-08	9.750000e-09	1.180000e-07	
1.620000e+01	8.530000e-10	1.550000e-08	1.100000e-08	1.330000e-07	
1.630000e+01	7.860000e-10	1.430000e-08	1.010000e-08	1.220000e-07	
1.640000e+01	7.820000e-10	1.420000e-08	1.000000e-08	1.210000e-07	
1.650000e+01	8.080000e-10	1.470000e-08	1.040000e-08	1.260000e-07	
1.660000e+01	8.820000e-10	1.600000e-08	1.130000e-08	1.370000e-07	
1.670000e+01	8.480000e-10	1.540000e-08	1.090000e-08	1.320000e-07	
1.680000e+01	8.410000e-10	1.530000e-08	1.080000e-08	1.310000e-07	
1.690000e+01	8.560000e-10	1.550000e-08	1.100000e-08	1.330000e-07	
1.700000e+01	8.690000e-10	1.580000e-08	1.120000e-08	1.350000e-07	
1.710000e+01	8.820000e-10	1.600000e-08	1.130000e-08	1.370000e-07	
1.720000e+01	9.190000e-10	1.670000e-08	1.180000e-08	1.430000e-07	
1.730000e+01	8.980000e-10	1.630000e-08	1.150000e-08	1.390000e-07	
1.740000e+01	1.000000e-09	1.810000e-08	1.280000e-08	1.550000e-07	
1.750000e+01	9.430000e-10	1.710000e-08	1.210000e-08	1.460000e-07	
1.760000e+01	9.380000e-10	1.700000e-08	1.200000e-08	1.460000e-07	
1.770000e+01	9.810000e-10	1.780000e-08	1.260000e-08	1.520000e-07	
1.780000e+01	9.680000e-10	1.760000e-08	1.240000e-08	1.500000e-07	
1.790000e+01	9.720000e-10	1.760000e-08	1.250000e-08	1.510000e-07	
1.800000e+01	9.870000e-10	1.790000e-08	1.270000e-08	1.530000e-07	
1.810000e+01	9.780000e-10	1.770000e-08	1.250000e-08	1.520000e-07	
1.820000e+01	1.020000e-09	1.860000e-08	1.310000e-08	1.590000e-07	
1.830000e+01	1.010000e-09	1.840000e-08	1.300000e-08	1.570000e-07	
1.840000e+01	1.050000e-09	1.900000e-08	1.340000e-08	1.630000e-07	
1.850000e+01	1.150000e-09	2.080000e-08	1.470000e-08	1.780000e-07	
1.860000e+01	1.080000e-09	1.960000e-08	1.390000e-08	1.680000e-07	
1.870000e+01	1.100000e-09	1.990000e-08	1.410000e-08	1.710000e-07	
1.880000e+01	1.230000e-09	2.230000e-08	1.580000e-08	1.910000e-07	
1.890000e+01	1.240000e-09	2.250000e-08	1.590000e-08	1.930000e-07	
1.900000e+01	1.130000e-09	2.040000e-08	1.450000e-08	1.750000e-07	
1.910000e+01	1.130000e-09	2.060000e-08	1.460000e-08	1.760000e-07	
1.920000e+01	1.180000e-09	2.130000e-08	1.510000e-08	1.830000e-07	
1.930000e+01	1.210000e-09	2.200000e-08	1.560000e-08	1.880000e-07	
1.940000e+01	1.240000e-09	2.260000e-08	1.600000e-08	1.930000e-07	
1.950000e+01	1.230000e-09	2.240000e-08	1.580000e-08	1.920000e-07	
1.960000e+01	1.270000e-09	2.310000e-08	1.630000e-08	1.980000e-07	
1.970000e+01	1.270000e-09	2.300000e-08	1.630000e-08	1.970000e-07	
1.980000e+01	1.270000e-09	2.310000e-08	1.630000e-08	1.970000e-07	
1.990000e+01	1.300000e-09	2.360000e-08	1.670000e-08	2.020000e-07	
2.000000e+01	1.340000e-09	2.420000e-08	1.720000e-08	2.080000e-07	
2.010000e+01	1.350000e-09	2.450000e-08	1.740000e-08	2.100000e-07	
2.020000e+01	1.410000e-09	2.550000e-08	1.800000e-08	2.180000e-07	
2.030000e+01	1.370000e-09	2.480000e-08	1.750000e-08	2.120000e-07	
2.040000e+01	1.440000e-09	2.610000e-08	1.840000e-08	2.230000e-07	
2.050000e+01	1.420000e-09	2.570000e-08	1.820000e-08	2.200000e-07	
2.060000e+01	1.590000e-09	2.890000e-08	2.040000e-08	2.470000e-07	
2.070000e+01	1.530000e-09	2.780000e-08	1.970000e-08	2.380000e-07	
2.080000e+01	1.540000e-09	2.790000e-08	1.980000e-08	2.390000e-07	
2.090000e+01	1.500000e-09	2.730000e-08	1.930000e-08	2.330000e-07	
2.100000e+01	1.570000e-09	2.850000e-08	2.020000e-08	2.440000e-07	
2.110000e+01	1.580000e-09	2.870000e-08	2.030000e-08	2.460000e-07	
2.120000e+01	1.550000e-09	2.820000e-08	1.990000e-08	2.410000e-07	
2.130000e+01	1.610000e-09	2.920000e-08	2.060000e-08	2.500000e-07	
2.140000e+01	1.690000e-09	3.060000e-08	2.160000e-08	2.620000e-07	
2.150000e+01	1.760000e-09	3.190000e-08	2.250000e-08	2.730000e-07	
2.160000e+01	1.700000e-09	3.080000e-08	2.180000e-08	2.630000e-07	
2.170000e+01	1.710000e-09	3.100000e-08	2.190000e-08	2.660000e-07	
2.180000e+01	1.760000e-09	3.190000e-08	2.260000e-08	2.730000e-07	
2.190000e+01	1.730000e-09	3.150000e-08	2.230000e-08	2.690000e-07	
2.200000e+01	1.860000e-09	3.380000e-08	2.390000e-08	2.890000e-07	
2.210000e+01	1.870000e-09	3.390000e-08	2.400000e-08	2.900000e-07	
2.220000e+01	1.830000e-09	3.320000e-08	2.350000e-08	2.840000e-07	
2.230000e+01	1.910000e-09	3.470000e-08	2.450000e-08	2.970000e-07	
2.240000e+01	1.940000e-09	3.510000e-08	2.490000e-08	3.010000e-07	
2.250000e+01	1.980000e-09	3.590000e-08	2.530000e-08	3.070000e-07	
2.260000e+01	1.970000e-09	3.570000e-08	2.530000e-08	3.060000e-07	
2.270000e+01	2.030000e-09	3.690000e-08	2.610000e-08	3.160000e-07	
2.280000e+01	2.110000e-09	3.820000e-08	2.700000e-08	3.270000e-07	
2.290000e+01	2.080000e-09	3.780000e-08	2.670000e-08	3.230000e-07	
2.300000e+01	2.100000e-09	3.820000e-08	2.700000e-08	3.270000e-07	
2.310000e+01	2.140000e-09	3.880000e-08	2.740000e-08	3.320000e-07	
2.320000e+01	2.180000e-09	3.950000e-08	2.790000e-08	3.380000e-07	
2.330000e+01	2.180000e-09	3.950000e-08	2.800000e-08	3.380000e-07	
2.340000e+01	2.230000e-09	4.050000e-08	2.860000e-08	3.460000e-07	
2.350000e+01	2.230000e-09	4.050000e-08	2.860000e-08	3.470000e-07	
2.360000e+01	2.410000e-09	4.360000e-08	3.090000e-08	3.740000e-07	
2.370000e+01	2.390000e-09	4.340000e-08	3.070000e-08	3.710000e-07	
2.380000e+01	2.500000e-09	4.520000e-08	3.200000e-08	3.870000e-07	
2.390000e+01	2.400000e-09	4.350000e-08	3.070000e-08	3.720000e-07	
2.400000e+01	2.560000e-09	4.640000e-08	3.280000e-08	3.970000e-07	
2.410000e+01	2.490000e-09	4.520000e-08	3.190000e-08	3.870000e-07	
2.420000e+01	2.890000e-09	5.240000e-08	3.700000e-08	4.480000e-07	
2.430000e+01	2.560000e-09	4.640000e-08	3.280000e-08	3.970000e-07	
2.440000e+01	2.710000e-09	4.920000e-08	3.480000e-08	4.210000e-07	
2.450000e+01	2.740000e-09	4.970000e-08	3.520000e-08	4.260000e-07	
2.460000e+01	2.780000e-09	5.040000e-08	3.570000e-08	4.320000e-07	
2.470000e+01	2.880000e-09	5.230000e-08	3.700000e-08	4.480000e-07	
2.480000e+01	2.760000e-09	5.020000e-08	3.550000e-08	4.290000e-07	
2.490000e+01	2.830000e-09	5.130000e-08	3.630000e-08	4.390000e-07	
2.500000e+01	2.950000e-09	5.340000e-08	3.780000e-08	4.580000e-07	
2.510000e+01	2.990000e-09	5.420000e-08	3.830000e-08	4.640000e-07	
2.520000e+01	3.260000e-09	5.910000e-08	4.180000e-08	5.060000e-07	
2.530000e+01	2.910000e-09	5.280000e-08	3.730000e-08	4.520000e-07	
2.540000e+01	3.150000e-09	5.710000e-08	4.040000e-08	4.890000e-07	
2.550000e+01	3.240000e-09	5.870000e-08	4.150000e-08	5.030000e-07	
2.560000e+01	3.220000e-09	5.840000e-08	4.130000e-08	5.000000e-07	
2.570000e+01	3.170000e-09	5.740000e-08	4.060000e-08	4.920000e-07	
2.580000e+01	3.170000e-09	5.750000e-08	4.070000e-08	4.920000e-07	
2.590000e+01	3.360000e-09	6.100000e-08	4.310000e-08	5.220000e-07	
2.600000e+01	3.390000e-09	6.160000e-08	4.350000e-08	5.270000e-07	
2.610000e+01	3.420000e-09	6.210000e-08	4.390000e-08	5.310000e-07	
2.620000e+01	3.480000e-09	6.310000e-08	4.460000e-08	5.400000e-07	
2.630000e+01	3.550000e-09	6.440000e-08	4.550000e-08	5.510000e-07	
2.640000e+01	3.620000e-09	6.570000e-08	4.650000e-08	5.630000e-07	
2.650000e+01	3.510000e-09	6.360000e-08	4.500000e-08	5.440000e-07	
2.660000e+01	3.630000e-09	6.590000e-08	4.660000e-08	5.640000e-07	
2.670000e+01	3.740000e-09	6.790000e-08	4.800000e-08	5.810000e-07	
2.680000e+01	3.710000e-09	6.740000e-08	4.760000e-08	5.770000e-07	
2.690000e+01	3.690000e-09	6.690000e-08	4.730000e-08	5.730000e-07	
2.700000e+01	3.740000e-09	6.780000e-08	4.790000e-08	5.800000e-07	
2.710000e+01	3.850000e-09	6.990000e-08	4.940000e-08	5.980000e-07	
2.720000e+01	3.840000e-09	6.960000e-08	4.920000e-08	5.960000e-07	
2.730000e+01	3.940000e-09	7.140000e-08	5.050000e-08	6.120000e-07	
2.740000e+01	3.990000e-09	7.230000e-08	5.110000e-08	6.190000e-07	
2.750000e+01	4.020000e-09	7.300000e-08	5.160000e-08	6.250000e-07	
2.760000e+01	4.100000e-09	7.440000e-08	5.260000e-08	6.370000e-07	
2.770000e+01	4.140000e-09	7.520000e-08	5.320000e-08	6.430000e-07	
2.780000e+01	4.170000e-09	7.570000e-08	5.350000e-08	6.480000e-07	
2.790000e+01	4.100000e-09	7.440000e-08	5.260000e-08	6.370000e-07	
2.800000e+01	4.150000e-09	7.520000e-08	5.320000e-08	6.440000e-07	
2.810000e+01	4.300000e-09	7.800000e-08	5.520000e-08	6.680000e-07	
2.820000e+01	4.390000e-09	7.970000e-08	5.630000e-08	6.820000e-07	
2.830000e+01	4.430000e-09	8.040000e-08	5.690000e-08	6.880000e-07	
2.840000e+01	4.560000e-09	8.270000e-08	5.850000e-08	7.080000e-07	
2.850000e+01	4.480000e-09	8.130000e-08	5.750000e-08	6.960000e-07	
2.860000e+01	4.600000e-09	8.350000e-08	5.900000e-08	7.150000e-07	
2.870000e+01	4.620000e-09	8.380000e-08	5.920000e-08	7.170000e-07	
2.880000e+01	4.620000e-09	8.390000e-08	5.930000e-08	7.180000e-07	
2.890000e+01	4.700000e-09	8.530000e-08	6.030000e-08	7.310000e-07	
2.900000e+01	4.480000e-09	8.130000e-08	5.750000e-08	6.960000e-07	
2.910000e+01	4.780000e-09	8.670000e-08	6.130000e-08	7.420000e-07	
2.920000e+01	4.700000e-09	8.520000e-08	6.030000e-08	7.300000e-07	
2.930000e+01	4.870000e-09	8.830000e-08	6.240000e-08	7.560000e-07	
2.940000e+01	4.950000e-09	8.980000e-08	6.350000e-08	7.690000e-07	
2.950000e+01	5.100000e-09	9.240000e-08	6.540000e-08	7.910000e-07	
2.960000e+01	4.990000e-09	9.060000e-08	6.400000e-08	7.750000e-07	
2.970000e+01	5.020000e-09	9.100000e-08	6.440000e-08	7.790000e-07	
2.980000e+01	5.150000e-09	9.350000e-08	6.610000e-08	8.000000e-07	
2.990000e+01	5.160000e-09	9.360000e-08	6.620000e-08	8.010000e-07	
3.000000e+01	5.210000e-09	9.460000e-08	6.690000e-08	8.100000e-07	
3.100000e+01	5.590000e-09	1.010000e-07	7.170000e-08	8.680000e-07	
3.200000e+01	5.980000e-09	1.090000e-07	7.680000e-08	9.290000e-07	
3.300000e+01	6.360000e-09	1.150000e-07	8.160000e-08	9.880000e-07	
3.500000e+01	6.870000e-09	1.250000e-07	8.810000e-08	1.070000e-06	
4.000000e+01	7.940000e-09	1.440000e-07	1.020000e-07	1.230000e-06	
4.500000e+01	9.380000e-09	3.600000e-07	2.360000e-07	1.980000e-06	
5.000000e+01	1.030000e-08	5.530000e-07	3.380000e-07	2.330000e-06	
5.500000e+01	1.130000e-08	6.450000e-07	3.790000e-07	2.580000e-06	
6.000000e+01	1.260000e-08	6.090000e-07	3.100000e-07	2.710000e-06	
7.000000e+01	1.520000e-08	6.630000e-07	3.290000e-07	3.220000e-06	
8.000000e+01	1.740000e-08	7.680000e-07	3.780000e-07	3.730000e-06	
1.000000e+02	2.200000e-08	9.480000e-07	4.640000e-07	4.750000e-06	
1.200000e+02	2.650000e-08	1.160000e-06	5.630000e-07	5.750000e-06	
