# Units are Msun
# M_init	zn64	zn66	zn67	zn68	zn70	
8	0	0	0	0	0	
9.000000e+00	2.860000e-07	1.680000e-07	2.520000e-08	1.170000e-07	3.980000e-09	
9.250000e+00	3.050000e-07	1.800000e-07	2.690000e-08	1.250000e-07	4.250000e-09	
9.500000e+00	3.280000e-07	1.930000e-07	2.890000e-08	1.340000e-07	4.570000e-09	
1.000000e+01	3.650000e-07	2.150000e-07	3.210000e-08	1.490000e-07	5.080000e-09	
1.025000e+01	3.630000e-07	2.140000e-07	3.200000e-08	1.480000e-07	5.060000e-09	
1.050000e+01	3.440000e-07	2.030000e-07	3.030000e-08	1.400000e-07	4.790000e-09	
1.075000e+01	3.480000e-07	2.050000e-07	3.070000e-08	1.420000e-07	4.850000e-09	
1.100000e+01	3.500000e-07	2.060000e-07	3.080000e-08	1.430000e-07	4.880000e-09	
1.125000e+01	4.050000e-07	2.390000e-07	3.570000e-08	1.650000e-07	5.650000e-09	
1.150000e+01	8.370000e-07	4.930000e-07	7.370000e-08	3.420000e-07	1.170000e-08	
1.175000e+01	1.090000e-06	6.440000e-07	9.630000e-08	4.460000e-07	1.520000e-08	
1.200000e+01	1.230000e-06	7.250000e-07	1.080000e-07	5.020000e-07	1.720000e-08	
1.225000e+01	1.310000e-06	7.710000e-07	1.150000e-07	5.340000e-07	1.820000e-08	
1.250000e+01	1.470000e-06	8.660000e-07	1.290000e-07	6.000000e-07	2.050000e-08	
1.275000e+01	1.510000e-06	8.890000e-07	1.330000e-07	6.150000e-07	2.100000e-08	
1.300000e+01	1.610000e-06	9.460000e-07	1.410000e-07	6.550000e-07	2.240000e-08	
1.310000e+01	1.830000e-06	1.080000e-06	1.610000e-07	7.460000e-07	2.550000e-08	
1.320000e+01	1.860000e-06	1.100000e-06	1.640000e-07	7.600000e-07	2.590000e-08	
1.330000e+01	1.790000e-06	1.060000e-06	1.580000e-07	7.300000e-07	2.490000e-08	
1.340000e+01	1.870000e-06	1.100000e-06	1.640000e-07	7.620000e-07	2.600000e-08	
1.350000e+01	1.930000e-06	1.140000e-06	1.700000e-07	7.880000e-07	2.690000e-08	
1.360000e+01	2.050000e-06	1.210000e-06	1.810000e-07	8.390000e-07	2.860000e-08	
1.370000e+01	2.030000e-06	1.200000e-06	1.790000e-07	8.300000e-07	2.830000e-08	
1.380000e+01	2.170000e-06	1.280000e-06	1.910000e-07	8.850000e-07	3.020000e-08	
1.390000e+01	1.990000e-06	1.170000e-06	1.750000e-07	8.120000e-07	2.770000e-08	
1.400000e+01	1.670000e-34	1.960000e-64	1.110000e-79	3.420000e-94	0.000000e+00	
1.410000e+01	2.260000e-06	1.330000e-06	1.990000e-07	9.220000e-07	3.150000e-08	
1.420000e+01	2.110000e-06	1.240000e-06	1.860000e-07	8.620000e-07	2.940000e-08	
1.430000e+01	2.190000e-06	1.290000e-06	1.930000e-07	8.930000e-07	3.050000e-08	
1.440000e+01	2.260000e-06	1.330000e-06	1.990000e-07	9.220000e-07	3.150000e-08	
1.450000e+01	2.580000e-06	1.520000e-06	2.270000e-07	1.050000e-06	3.590000e-08	
1.460000e+01	2.240000e-06	1.320000e-06	1.970000e-07	9.150000e-07	3.120000e-08	
1.470000e+01	2.430000e-06	1.430000e-06	2.140000e-07	9.920000e-07	3.390000e-08	
1.480000e+01	2.260000e-06	1.330000e-06	1.990000e-07	9.240000e-07	3.150000e-08	
1.490000e+01	2.250000e-06	1.330000e-06	1.980000e-07	9.170000e-07	3.130000e-08	
1.500000e+01	2.690000e-06	1.580000e-06	2.370000e-07	1.100000e-06	3.740000e-08	
1.510000e+01	2.430000e-06	1.430000e-06	2.140000e-07	9.910000e-07	3.380000e-08	
1.520000e+01	2.930000e-06	1.730000e-06	2.580000e-07	1.200000e-06	4.080000e-08	
1.530000e+01	2.440000e-06	1.440000e-06	2.150000e-07	9.960000e-07	3.400000e-08	
1.540000e+01	2.440000e-06	1.440000e-06	2.140000e-07	9.940000e-07	3.390000e-08	
1.550000e+01	2.490000e-06	1.470000e-06	2.190000e-07	1.020000e-06	3.470000e-08	
1.560000e+01	2.660000e-06	1.570000e-06	2.340000e-07	1.080000e-06	3.700000e-08	
1.570000e+01	2.820000e-06	1.660000e-06	2.480000e-07	1.150000e-06	3.920000e-08	
1.580000e+01	2.670000e-06	1.580000e-06	2.350000e-07	1.090000e-06	3.720000e-08	
1.590000e+01	2.620000e-06	1.540000e-06	2.310000e-07	1.070000e-06	3.650000e-08	
1.600000e+01	3.200000e-06	1.880000e-06	2.820000e-07	1.300000e-06	4.460000e-08	
1.610000e+01	2.640000e-06	1.560000e-06	2.330000e-07	1.080000e-06	3.680000e-08	
1.620000e+01	2.970000e-06	1.750000e-06	2.610000e-07	1.210000e-06	4.140000e-08	
1.630000e+01	2.730000e-06	1.610000e-06	2.410000e-07	1.110000e-06	3.810000e-08	
1.640000e+01	2.720000e-06	1.600000e-06	2.390000e-07	1.110000e-06	3.790000e-08	
1.650000e+01	2.810000e-06	1.660000e-06	2.480000e-07	1.150000e-06	3.920000e-08	
1.660000e+01	3.070000e-06	1.810000e-06	2.700000e-07	1.250000e-06	4.270000e-08	
1.670000e+01	2.950000e-06	1.740000e-06	2.600000e-07	1.200000e-06	4.110000e-08	
1.680000e+01	2.920000e-06	1.720000e-06	2.580000e-07	1.190000e-06	4.070000e-08	
1.690000e+01	2.980000e-06	1.750000e-06	2.620000e-07	1.210000e-06	4.150000e-08	
1.700000e+01	3.020000e-06	1.780000e-06	2.660000e-07	1.230000e-06	4.210000e-08	
1.710000e+01	3.070000e-06	1.810000e-06	2.700000e-07	1.250000e-06	4.270000e-08	
1.720000e+01	3.200000e-06	1.880000e-06	2.810000e-07	1.300000e-06	4.450000e-08	
1.730000e+01	3.120000e-06	1.840000e-06	2.750000e-07	1.270000e-06	4.350000e-08	
1.740000e+01	3.480000e-06	2.050000e-06	3.060000e-07	1.420000e-06	4.840000e-08	
1.750000e+01	3.280000e-06	1.930000e-06	2.890000e-07	1.340000e-06	4.570000e-08	
1.760000e+01	3.260000e-06	1.920000e-06	2.870000e-07	1.330000e-06	4.540000e-08	
1.770000e+01	3.410000e-06	2.010000e-06	3.010000e-07	1.390000e-06	4.750000e-08	
1.780000e+01	3.370000e-06	1.990000e-06	2.960000e-07	1.370000e-06	4.690000e-08	
1.790000e+01	3.380000e-06	1.990000e-06	2.980000e-07	1.380000e-06	4.710000e-08	
1.800000e+01	3.430000e-06	2.020000e-06	3.020000e-07	1.400000e-06	4.780000e-08	
1.810000e+01	3.400000e-06	2.000000e-06	2.990000e-07	1.390000e-06	4.740000e-08	
1.820000e+01	3.560000e-06	2.100000e-06	3.130000e-07	1.450000e-06	4.960000e-08	
1.830000e+01	3.520000e-06	2.080000e-06	3.100000e-07	1.440000e-06	4.910000e-08	
1.840000e+01	3.640000e-06	2.140000e-06	3.200000e-07	1.480000e-06	5.070000e-08	
1.850000e+01	3.990000e-06	2.350000e-06	3.510000e-07	1.630000e-06	5.550000e-08	
1.860000e+01	3.760000e-06	2.210000e-06	3.310000e-07	1.530000e-06	5.230000e-08	
1.870000e+01	3.820000e-06	2.250000e-06	3.360000e-07	1.560000e-06	5.320000e-08	
1.880000e+01	4.280000e-06	2.520000e-06	3.770000e-07	1.750000e-06	5.970000e-08	
1.890000e+01	4.320000e-06	2.550000e-06	3.800000e-07	1.760000e-06	6.020000e-08	
1.900000e+01	3.920000e-06	2.310000e-06	3.450000e-07	1.600000e-06	5.460000e-08	
1.910000e+01	3.950000e-06	2.330000e-06	3.480000e-07	1.610000e-06	5.500000e-08	
1.920000e+01	4.090000e-06	2.410000e-06	3.600000e-07	1.670000e-06	5.700000e-08	
1.930000e+01	4.220000e-06	2.480000e-06	3.710000e-07	1.720000e-06	5.870000e-08	
1.940000e+01	4.330000e-06	2.550000e-06	3.810000e-07	1.770000e-06	6.030000e-08	
1.950000e+01	4.290000e-06	2.530000e-06	3.780000e-07	1.750000e-06	5.980000e-08	
1.960000e+01	4.430000e-06	2.610000e-06	3.900000e-07	1.810000e-06	6.160000e-08	
1.970000e+01	4.420000e-06	2.600000e-06	3.890000e-07	1.800000e-06	6.150000e-08	
1.980000e+01	4.420000e-06	2.610000e-06	3.890000e-07	1.810000e-06	6.160000e-08	
1.990000e+01	4.530000e-06	2.670000e-06	3.990000e-07	1.850000e-06	6.310000e-08	
2.000000e+01	4.650000e-06	2.740000e-06	4.100000e-07	1.900000e-06	6.480000e-08	
2.010000e+01	4.710000e-06	2.770000e-06	4.140000e-07	1.920000e-06	6.560000e-08	
2.020000e+01	4.890000e-06	2.880000e-06	4.300000e-07	1.990000e-06	6.810000e-08	
2.030000e+01	4.750000e-06	2.800000e-06	4.180000e-07	1.940000e-06	6.620000e-08	
2.040000e+01	5.000000e-06	2.950000e-06	4.400000e-07	2.040000e-06	6.970000e-08	
2.050000e+01	4.940000e-06	2.910000e-06	4.350000e-07	2.020000e-06	6.880000e-08	
2.060000e+01	5.540000e-06	3.260000e-06	4.870000e-07	2.260000e-06	7.710000e-08	
2.070000e+01	5.330000e-06	3.140000e-06	4.690000e-07	2.170000e-06	7.430000e-08	
2.080000e+01	5.360000e-06	3.160000e-06	4.720000e-07	2.190000e-06	7.460000e-08	
2.090000e+01	5.230000e-06	3.080000e-06	4.600000e-07	2.130000e-06	7.280000e-08	
2.100000e+01	5.470000e-06	3.220000e-06	4.810000e-07	2.230000e-06	7.620000e-08	
2.110000e+01	5.510000e-06	3.250000e-06	4.850000e-07	2.250000e-06	7.670000e-08	
2.120000e+01	5.410000e-06	3.190000e-06	4.760000e-07	2.210000e-06	7.530000e-08	
2.130000e+01	5.590000e-06	3.300000e-06	4.930000e-07	2.280000e-06	7.790000e-08	
2.140000e+01	5.870000e-06	3.460000e-06	5.170000e-07	2.390000e-06	8.170000e-08	
2.150000e+01	6.110000e-06	3.600000e-06	5.380000e-07	2.490000e-06	8.510000e-08	
2.160000e+01	5.900000e-06	3.480000e-06	5.200000e-07	2.410000e-06	8.220000e-08	
2.170000e+01	5.950000e-06	3.510000e-06	5.240000e-07	2.430000e-06	8.290000e-08	
2.180000e+01	6.120000e-06	3.610000e-06	5.390000e-07	2.500000e-06	8.530000e-08	
2.190000e+01	6.030000e-06	3.560000e-06	5.310000e-07	2.460000e-06	8.410000e-08	
2.200000e+01	6.480000e-06	3.820000e-06	5.700000e-07	2.640000e-06	9.020000e-08	
2.210000e+01	6.500000e-06	3.830000e-06	5.720000e-07	2.650000e-06	9.060000e-08	
2.220000e+01	6.360000e-06	3.750000e-06	5.600000e-07	2.600000e-06	8.860000e-08	
2.230000e+01	6.640000e-06	3.920000e-06	5.850000e-07	2.710000e-06	9.260000e-08	
2.240000e+01	6.740000e-06	3.970000e-06	5.930000e-07	2.750000e-06	9.390000e-08	
2.250000e+01	6.880000e-06	4.050000e-06	6.050000e-07	2.800000e-06	9.570000e-08	
2.260000e+01	6.850000e-06	4.030000e-06	6.030000e-07	2.790000e-06	9.540000e-08	
2.270000e+01	7.070000e-06	4.170000e-06	6.230000e-07	2.890000e-06	9.850000e-08	
2.280000e+01	7.330000e-06	4.320000e-06	6.450000e-07	2.990000e-06	1.020000e-07	
2.290000e+01	7.250000e-06	4.270000e-06	6.380000e-07	2.960000e-06	1.010000e-07	
2.300000e+01	7.320000e-06	4.310000e-06	6.440000e-07	2.990000e-06	1.020000e-07	
2.310000e+01	7.430000e-06	4.380000e-06	6.550000e-07	3.030000e-06	1.030000e-07	
2.320000e+01	7.570000e-06	4.460000e-06	6.660000e-07	3.090000e-06	1.050000e-07	
2.330000e+01	7.580000e-06	4.470000e-06	6.670000e-07	3.090000e-06	1.060000e-07	
2.340000e+01	7.760000e-06	4.570000e-06	6.830000e-07	3.170000e-06	1.080000e-07	
2.350000e+01	7.770000e-06	4.580000e-06	6.840000e-07	3.170000e-06	1.080000e-07	
2.360000e+01	8.370000e-06	4.930000e-06	7.370000e-07	3.410000e-06	1.170000e-07	
2.370000e+01	8.320000e-06	4.900000e-06	7.320000e-07	3.390000e-06	1.160000e-07	
2.380000e+01	8.680000e-06	5.110000e-06	7.640000e-07	3.540000e-06	1.210000e-07	
2.390000e+01	8.330000e-06	4.910000e-06	7.340000e-07	3.400000e-06	1.160000e-07	
2.400000e+01	8.890000e-06	5.240000e-06	7.830000e-07	3.630000e-06	1.240000e-07	
2.410000e+01	8.660000e-06	5.110000e-06	7.630000e-07	3.540000e-06	1.210000e-07	
2.420000e+01	1.000000e-05	5.920000e-06	8.840000e-07	4.100000e-06	1.400000e-07	
2.430000e+01	8.900000e-06	5.240000e-06	7.830000e-07	3.630000e-06	1.240000e-07	
2.440000e+01	9.430000e-06	5.560000e-06	8.300000e-07	3.850000e-06	1.310000e-07	
2.450000e+01	9.530000e-06	5.620000e-06	8.390000e-07	3.890000e-06	1.330000e-07	
2.460000e+01	9.670000e-06	5.700000e-06	8.510000e-07	3.950000e-06	1.350000e-07	
2.470000e+01	1.000000e-05	5.910000e-06	8.830000e-07	4.090000e-06	1.400000e-07	
2.480000e+01	9.620000e-06	5.670000e-06	8.470000e-07	3.920000e-06	1.340000e-07	
2.490000e+01	9.830000e-06	5.800000e-06	8.660000e-07	4.010000e-06	1.370000e-07	
2.500000e+01	1.030000e-05	6.040000e-06	9.030000e-07	4.180000e-06	1.430000e-07	
2.510000e+01	1.040000e-05	6.120000e-06	9.140000e-07	4.240000e-06	1.450000e-07	
2.520000e+01	1.130000e-05	6.680000e-06	9.980000e-07	4.630000e-06	1.580000e-07	
2.530000e+01	1.010000e-05	5.960000e-06	8.910000e-07	4.130000e-06	1.410000e-07	
2.540000e+01	1.100000e-05	6.460000e-06	9.640000e-07	4.470000e-06	1.530000e-07	
2.550000e+01	1.130000e-05	6.640000e-06	9.920000e-07	4.600000e-06	1.570000e-07	
2.560000e+01	1.120000e-05	6.600000e-06	9.860000e-07	4.570000e-06	1.560000e-07	
2.570000e+01	1.100000e-05	6.490000e-06	9.700000e-07	4.490000e-06	1.530000e-07	
2.580000e+01	1.100000e-05	6.500000e-06	9.710000e-07	4.500000e-06	1.540000e-07	
2.590000e+01	1.170000e-05	6.890000e-06	1.030000e-06	4.770000e-06	1.630000e-07	
2.600000e+01	1.180000e-05	6.960000e-06	1.040000e-06	4.820000e-06	1.640000e-07	
2.610000e+01	1.190000e-05	7.010000e-06	1.050000e-06	4.860000e-06	1.660000e-07	
2.620000e+01	1.210000e-05	7.130000e-06	1.060000e-06	4.940000e-06	1.690000e-07	
2.630000e+01	1.240000e-05	7.280000e-06	1.090000e-06	5.040000e-06	1.720000e-07	
2.640000e+01	1.260000e-05	7.430000e-06	1.110000e-06	5.140000e-06	1.760000e-07	
2.650000e+01	1.220000e-05	7.180000e-06	1.070000e-06	4.970000e-06	1.700000e-07	
2.660000e+01	1.260000e-05	7.450000e-06	1.110000e-06	5.160000e-06	1.760000e-07	
2.670000e+01	1.300000e-05	7.670000e-06	1.150000e-06	5.310000e-06	1.810000e-07	
2.680000e+01	1.290000e-05	7.610000e-06	1.140000e-06	5.270000e-06	1.800000e-07	
2.690000e+01	1.280000e-05	7.560000e-06	1.130000e-06	5.230000e-06	1.790000e-07	
2.700000e+01	1.300000e-05	7.660000e-06	1.140000e-06	5.300000e-06	1.810000e-07	
2.710000e+01	1.340000e-05	7.900000e-06	1.180000e-06	5.470000e-06	1.870000e-07	
2.720000e+01	1.330000e-05	7.870000e-06	1.170000e-06	5.450000e-06	1.860000e-07	
2.730000e+01	1.370000e-05	8.070000e-06	1.210000e-06	5.590000e-06	1.910000e-07	
2.740000e+01	1.390000e-05	8.170000e-06	1.220000e-06	5.660000e-06	1.930000e-07	
2.750000e+01	1.400000e-05	8.250000e-06	1.230000e-06	5.710000e-06	1.950000e-07	
2.760000e+01	1.430000e-05	8.410000e-06	1.260000e-06	5.820000e-06	1.990000e-07	
2.770000e+01	1.440000e-05	8.500000e-06	1.270000e-06	5.880000e-06	2.010000e-07	
2.780000e+01	1.450000e-05	8.550000e-06	1.280000e-06	5.920000e-06	2.020000e-07	
2.790000e+01	1.430000e-05	8.400000e-06	1.260000e-06	5.820000e-06	1.990000e-07	
2.800000e+01	1.440000e-05	8.500000e-06	1.270000e-06	5.890000e-06	2.010000e-07	
2.810000e+01	1.500000e-05	8.810000e-06	1.320000e-06	6.100000e-06	2.080000e-07	
2.820000e+01	1.530000e-05	9.000000e-06	1.350000e-06	6.230000e-06	2.130000e-07	
2.830000e+01	1.540000e-05	9.090000e-06	1.360000e-06	6.290000e-06	2.150000e-07	
2.840000e+01	1.590000e-05	9.350000e-06	1.400000e-06	6.470000e-06	2.210000e-07	
2.850000e+01	1.560000e-05	9.190000e-06	1.370000e-06	6.360000e-06	2.170000e-07	
2.860000e+01	1.600000e-05	9.430000e-06	1.410000e-06	6.530000e-06	2.230000e-07	
2.870000e+01	1.610000e-05	9.460000e-06	1.410000e-06	6.550000e-06	2.240000e-07	
2.880000e+01	1.610000e-05	9.480000e-06	1.420000e-06	6.560000e-06	2.240000e-07	
2.890000e+01	1.640000e-05	9.640000e-06	1.440000e-06	6.680000e-06	2.280000e-07	
2.900000e+01	1.560000e-05	9.180000e-06	1.370000e-06	6.360000e-06	2.170000e-07	
2.910000e+01	1.660000e-05	9.790000e-06	1.460000e-06	6.780000e-06	2.320000e-07	
2.920000e+01	1.630000e-05	9.630000e-06	1.440000e-06	6.670000e-06	2.280000e-07	
2.930000e+01	1.690000e-05	9.980000e-06	1.490000e-06	6.910000e-06	2.360000e-07	
2.940000e+01	1.720000e-05	1.010000e-05	1.520000e-06	7.020000e-06	2.400000e-07	
2.950000e+01	1.770000e-05	1.040000e-05	1.560000e-06	7.230000e-06	2.470000e-07	
2.960000e+01	1.740000e-05	1.020000e-05	1.530000e-06	7.090000e-06	2.420000e-07	
2.970000e+01	1.750000e-05	1.030000e-05	1.540000e-06	7.120000e-06	2.430000e-07	
2.980000e+01	1.790000e-05	1.060000e-05	1.580000e-06	7.310000e-06	2.500000e-07	
2.990000e+01	1.790000e-05	1.060000e-05	1.580000e-06	7.320000e-06	2.500000e-07	
3.000000e+01	1.810000e-05	1.070000e-05	1.600000e-06	7.400000e-06	2.530000e-07	
3.100000e+01	1.940000e-05	1.150000e-05	1.710000e-06	7.940000e-06	2.710000e-07	
3.200000e+01	2.080000e-05	1.230000e-05	1.830000e-06	8.490000e-06	2.900000e-07	
3.300000e+01	2.210000e-05	1.300000e-05	1.950000e-06	9.030000e-06	3.080000e-07	
3.500000e+01	2.390000e-05	1.410000e-05	2.100000e-06	9.750000e-06	3.330000e-07	
4.000000e+01	2.760000e-05	1.630000e-05	2.430000e-06	1.130000e-05	3.850000e-07	
4.500000e+01	4.810000e-05	3.440000e-05	5.760000e-06	2.340000e-05	4.810000e-07	
5.000000e+01	4.850000e-05	3.110000e-05	5.050000e-06	2.230000e-05	5.730000e-07	
5.500000e+01	5.290000e-05	3.420000e-05	5.570000e-06	2.480000e-05	6.490000e-07	
6.000000e+01	5.610000e-05	3.550000e-05	5.750000e-06	2.590000e-05	7.800000e-07	
7.000000e+01	6.780000e-05	4.220000e-05	6.810000e-06	3.050000e-05	9.530000e-07	
8.000000e+01	7.850000e-05	4.880000e-05	7.890000e-06	3.530000e-05	1.100000e-06	
1.000000e+02	1.000000e-04	6.200000e-05	1.000000e-05	4.490000e-05	1.410000e-06	
1.200000e+02	1.210000e-04	7.510000e-05	1.220000e-05	5.440000e-05	1.710000e-06	
