nome    Z    A   solar       PF          YieldTot 
H       1    1  7.2155E-01  7.3439E-01  6.1576E+00  6.1576E+00
H2      1    2  2.9439E-05  1.0498E-02  3.5914E-06  3.5914E-06
He3     2    3  3.1196E-05  9.7823E-01  3.5461E-04  3.5461E-04  H3  :  1.5149E-17
He4     2    4  2.6500E-01  1.5497E+00  4.7721E+00  4.7721E+00
Li6     3    6  5.9602E-10  1.0498E-02  7.2709E-11  7.2709E-11
Li7     3    7  8.4661E-09  1.0498E-02  1.0328E-09  1.0328E-09  Be7 :  1.1559E-18
Be9     4    9  1.5889E-10  1.0499E-02  1.9385E-11  1.9385E-11
B10     5   10  7.3404E-10  1.1728E-02  1.0004E-10  1.0004E-10  Be10:  1.0626E-59
B11     5   11  3.2501E-09  1.9444E-01  7.3432E-09  7.3432E-09
C12     6   12  2.3514E-03  4.2064E+00  1.1493E-01  1.1493E-01
C13     6   13  2.8494E-05  2.0874E+00  6.9115E-04  6.9115E-04  N13 :  1.7508E-14
N14     7   14  6.9520E-04  4.1737E+00  3.3717E-02  3.3715E-02  C14 :  1.7661E-06
N15     7   15  1.7096E-06  3.6009E-01  7.1537E-06  7.1537E-06  O15 :  3.2733E-16
O16     8   16  5.7553E-03  3.0475E+00  2.0381E-01  2.0381E-01  N16 :  9.8071E-35
O17     8   17  2.3231E-06  2.1261E+00  5.7394E-05  5.7394E-05  F17 :  3.8811E-28
O18     8   18  1.2980E-05  3.2666E+01  4.9271E-03  4.9270E-03  F18 :  8.9084E-08
F19     9   19  5.0785E-07  6.1658E-01  3.6386E-06  3.6386E-06  O19 :  7.0602E-26
Ne20   10   20  1.1647E-03  2.7747E+00  3.7554E-02  3.7554E-02  F20 :  1.2810E-26
Ne21   10   21  2.9317E-06  3.4621E+00  1.1794E-04  1.1794E-04  Na21:  2.9776E-20
Ne22   10   22  9.4207E-05  6.8880E+00  7.5403E-03  7.5402E-03  Na22:  1.0673E-07
Na23   11   23  2.9424E-05  3.3019E+00  1.1290E-03  1.1290E-03  Ne23:  1.7218E-19  Mg23:  2.1716E-15
Mg24   12   24  5.5560E-04  3.2338E+00  2.0878E-02  2.0878E-02  Na24:  3.4599E-07
Mg25   12   25  7.3269E-05  1.6574E+00  1.4111E-03  1.4111E-03  Al25:  6.6188E-22
Mg26   12   26  8.3896E-05  2.2746E+00  2.2175E-03  2.1965E-03  Al26:  2.0444E-05  Alg6:  5.7202E-07  Alm6:  3.5356E-16
Al27   13   27  5.6020E-05  3.1432E+00  2.0461E-03  2.0461E-03  Mg27:  1.1302E-13  Si27:  7.9619E-17
Si28   14   28  6.1519E-04  9.4369E+00  6.7461E-02  6.7461E-02  Al28:  9.2918E-14
Si29   14   29  3.2353E-05  2.9095E+00  1.0938E-03  1.0938E-03  P29 :  8.6795E-25
Si30   14   30  2.2063E-05  7.2731E+00  1.8646E-03  1.8646E-03  P30 :  4.6394E-12
P31    15   31  5.8660E-06  5.0617E+00  3.4503E-04  3.4499E-04  Si31:  4.0519E-08  S31 :  5.3756E-21
S32    16   32  2.9480E-04  7.5657E+00  2.5918E-02  2.5918E-02  Si32:  2.4487E-09  P32 :  3.3288E-07
S33    16   33  2.4339E-06  5.3003E+00  1.4991E-04  1.4968E-04  P33 :  2.2665E-07  Cl33:  4.4683E-29
S34    16   34  1.4155E-05  6.4036E+00  1.0533E-03  1.0533E-03  P34 :  2.1511E-21  Cl34:  9.4236E-27
S36    16   36  6.9873E-08  1.2061E+00  9.7931E-07  9.7931E-07
Cl35   17   35  6.1745E-06  1.6531E+00  1.1861E-04  1.1845E-04  S35 :  1.6055E-07
Cl37   17   37  2.0862E-06  1.4267E+00  3.4586E-05  2.7989E-05  S37 :  3.0853E-20  Ar37:  6.5967E-06  K37 :  8.5010E-39
Ar36   18   36  5.6315E-05  6.7118E+00  4.3922E-03  4.3917E-03  Cl36:  4.5003E-07
Ar38   18   38  1.0808E-05  3.7685E+00  4.7329E-04  4.7329E-04  Cl38:  3.3399E-12  K38 :  2.5549E-14
Ar40   18   40  1.8196E-08  1.2591E+00  2.6623E-07  2.6623E-07
K39    19   39  2.8651E-06  1.6983E+00  5.6541E-05  5.6347E-05  Ar39:  1.9342E-07
K40    19   40  4.6383E-09  4.1522E+00  2.2379E-07  2.2379E-07
K41    19   41  2.1737E-07  2.1920E+00  5.5367E-06  2.6094E-06  Ar41:  3.1583E-11  Ca41:  2.9273E-06  Sc41:  1.1391E-55
Ca40   20   40  6.2452E-05  5.2743E+00  3.8276E-03  3.8276E-03
Ca42   20   42  4.3765E-07  2.9748E+00  1.5129E-05  1.5121E-05  K42 :  7.5977E-09  Sc42:  1.6070E-47
Ca43   20   43  9.3493E-08  1.3935E+00  1.5140E-06  1.4926E-06  Sc43:  2.1379E-08
Ca44   20   44  1.4782E-06  1.3818E+00  2.3736E-05  1.7248E-05  Sc44:  1.6077E-09  Ti44:  6.4857E-06
Ca46   20   46  2.9634E-09  1.5393E+00  5.3006E-08  5.3006E-08
Ca48   20   48  1.4456E-07  9.7055E-01  1.6304E-06  1.6304E-06
Sc45   21   45  4.6794E-08  1.4235E+00  7.7406E-07  6.9199E-07  Ca45:  6.7006E-08  Ti45:  1.5066E-08  V45 :  3.8521E-54
Ti46   22   46  2.4899E-07  2.7543E+00  7.9691E-06  7.9524E-06  Sc46:  1.6779E-08  V46 :  2.6075E-55
Ti47   22   47  2.2943E-07  1.1017E+00  2.9373E-06  2.9347E-06  Ca47:  1.2247E-10  Sc47:  2.4021E-09  V47 :  4.9436E-11
Ti48   22   48  2.3217E-06  3.0065E+00  8.1111E-05  2.6130E-05  Sc48:  1.1365E-09  V48 :  3.0110E-08  Cr48:  5.4950E-05
Ti49   22   49  1.7393E-07  3.3940E+00  6.8596E-06  2.2232E-06  Ca49:  2.1060E-18  Sc49:  8.5272E-13  V49 :  4.6270E-06  Cr49:  9.4049E-09
Ti50   22   50  1.6993E-07  1.1089E+00  2.1896E-06  2.1896E-06
V50    23   50  7.8323E-10  2.3989E+00  2.1833E-08  2.1833E-08
V51    23   51  3.1876E-07  4.8029E+00  1.7790E-05  3.6815E-06  Ti51:  4.8073E-17  Cr51:  1.4072E-05  Mn51:  3.6581E-08
Cr50   24   50  6.9813E-07  8.6753E+00  7.0378E-05  7.0378E-05  Mn50:  1.0626E-59
Cr52   24   52  1.4001E-05  6.4841E+00  1.0550E-03  1.6979E-04  V52 :  2.3255E-16  Mn52:  2.2498E-04  Fe52:  6.6020E-04
Cr53   24   53  1.6182E-06  6.9617E+00  1.3090E-04  1.8112E-05  Mn53:  1.1279E-04  Fe53:  1.7027E-13
Cr54   24   54  4.1040E-07  1.2430E+00  5.9276E-06  5.8476E-06  Mn54:  8.0036E-08
Mn55   25   55  1.0898E-05  6.0527E+00  7.6649E-04  1.2728E-04  Cr55:  4.9960E-17  Fe55:  1.2148E-04  Co55:  5.1774E-04
Fe54   26   54  7.3478E-05  6.6961E+00  5.7174E-03  5.7174E-03  Co54:  1.0626E-59
Fe56   26   56  1.1962E-03  8.4367E+00  1.1727E-01  1.3506E-02  Mn56:  3.2315E-08  Co56:  3.3411E-06  Ni56:  1.0376E-01
Fe57   26   57  2.8118E-05  1.4954E+01  4.8862E-03  3.5503E-04  Mn57:  7.0292E-19  Co57:  2.3674E-04  Ni57:  4.2944E-03  Cu57:  1.0626E-59
Fe58   26   58  3.8076E-06  2.5128E+00  1.1118E-04  1.0961E-04  Co58:  1.5651E-06
Co59   27   59  4.2445E-06  6.6867E+00  3.2980E-04  7.2631E-05  Fe59:  4.2902E-06  Ni59:  2.5288E-04  Cu59:  4.3111E-21
Ni58   28   58  4.8240E-05  2.6381E+01  1.4788E-02  1.4788E-02  Cu58:  1.4567E-34
Ni60   28   60  1.9223E-05  7.5571E+00  1.6881E-03  1.6850E-03  Fe60:  1.4678E-06  Co60:  1.5666E-06  Cu60:  3.0854E-08  Zn60:  4.4887E-24
Ni61   28   61  8.4952E-07  1.3154E+01  1.2985E-04  8.0746E-05  Fe61:  1.4806E-16  Co61:  2.7246E-08  Cu61:  4.9079E-05  Zn61:  3.4315E-23
Ni62   28   62  2.7531E-06  4.6358E+01  1.4830E-03  8.6172E-05  Cu62:  1.2016E-06  Zn62:  1.3957E-03  Ga62:  1.0626E-59
Ni64   28   64  7.2374E-07  1.2451E+00  1.0471E-05  1.0471E-05
Cu63   29   63  4.9686E-07  1.7562E+00  1.0140E-05  8.0598E-06  Ni63:  2.0781E-06  Zn63:  2.0881E-09  Ga63:  2.7541E-31
Cu65   29   65  2.2849E-07  1.7382E+00  4.6152E-06  3.7151E-06  Ni65:  2.1588E-09  Zn65:  8.9799E-07  Ga65:  1.3699E-13  Ge65:  1.7260E-34
Zn64   30   64  8.3188E-07  1.6045E+00  1.5510E-05  1.5364E-05  Cu64:  1.4639E-07  Ga64:  8.3721E-27  Ge64:  2.3556E-33
Zn66   30   66  4.9218E-07  4.7339E+00  2.7075E-05  1.2145E-05  Cu66:  7.6847E-16  Ga66:  1.2482E-05  Ge66:  2.4479E-06
Zn67   30   67  7.3424E-08  1.1832E+00  1.0095E-06  9.7939E-07  Ga67:  3.0116E-08  Ge67:  6.1686E-15
Zn68   30   68  3.4079E-07  1.1470E+00  4.5421E-06  4.5203E-06  Ga68:  2.8751E-11  Ge68:  2.1845E-08
Zn70   30   70  1.1600E-08  1.0576E+00  1.4256E-07  1.4256E-07
Ga69   31   69  3.3478E-08  1.3691E+00  5.3262E-07  5.3195E-07  Zn69:  6.5779E-11  Ge69:  6.0875E-10
Ga71   31   71  2.2862E-08  1.2348E+00  3.2805E-07  3.1727E-07  Zn71:  1.0822E-21  Ge71:  1.0761E-08  As71:  1.5781E-11
Ge70   32   70  4.7971E-08  1.3114E+00  7.3102E-07  7.3102E-07  Ga70:  4.5038E-14
Ge72   32   72  6.5204E-08  1.1242E+00  8.5180E-07  8.4922E-07  Ga72:  2.5551E-09  As72:  3.1898E-11
Ge73   32   73  1.8556E-08  1.0658E+00  2.2982E-07  2.2783E-07  As73:  1.9870E-09
Ge74   32   74  8.8283E-08  1.0461E+00  1.0732E-06  1.0728E-06  As74:  4.4422E-10
Ge76   32   76  1.9019E-08  9.7710E-01  2.1594E-07  2.1594E-07
As75   33   75  1.1016E-08  1.1597E+00  1.4846E-07  1.4730E-07  Ge75:  3.6910E-11  Se75:  1.1143E-09  Br75:  3.6792E-15
Se74   34   74  1.0607E-09  1.7900E+00  2.2063E-08  2.2063E-08
Se76   34   76  1.1469E-08  1.2790E+00  1.7046E-07  1.6946E-07  As76:  1.0069E-09  Br76:  1.3587E-12
Se77   34   77  9.4622E-09  1.0590E+00  1.1644E-07  1.1135E-07  Ge77:  1.3326E-10  As77:  4.9107E-09  Br77:  4.7594E-11
Se78   34   78  2.9861E-08  1.0291E+00  3.5708E-07  3.5708E-07  Br78:  3.3835E-19
Se80   34   80  6.3920E-08  9.9129E-01  7.3630E-07  7.3630E-07
Se82   34   82  1.1529E-08  9.8592E-01  1.3209E-07  1.3209E-07
Br79   35   79  1.0222E-08  9.9984E-01  1.1876E-07  1.1147E-07  Se79:  7.2491E-09  Kr79:  3.6833E-11  Rb79:  3.7717E-20
Br81   35   81  1.0195E-08  1.0332E+00  1.2241E-07  1.1981E-07  Se81:  7.4088E-16  Kr81:  2.5998E-09  Rb81:  5.7029E-14
Kr78   36   78  3.6964E-10  1.0697E+00  4.5947E-09  4.5947E-09
Kr80   36   80  2.4360E-09  1.4458E+00  4.0927E-08  4.0927E-08  Br80:  1.3598E-15  Rb80:  2.7007E-23
Kr82   36   82  1.2511E-08  1.0974E+00  1.5955E-07  1.5930E-07  Br82:  2.4279E-10  Rb82:  9.7854E-14
Kr83   36   83  1.2546E-08  9.7432E-01  1.4204E-07  1.4171E-07  Se83:  2.8460E-16  Br83:  2.6959E-10  Rb83:  6.0191E-11
Kr84   36   84  6.2574E-08  1.0017E+00  7.2839E-07  7.2839E-07  Rb84:  6.6351E-12
Kr86   36   86  1.9374E-08  1.0403E+00  2.3420E-07  2.3420E-07
Rb85   37   85  1.4679E-08  1.0380E+00  1.7705E-07  1.6996E-07  Kr85:  7.0001E-09  Sr85:  9.2239E-11  Y85 :  2.3517E-16
Rb87   37   87  6.1834E-09  1.1568E+00  8.3116E-08  8.3116E-08  Kr87:  4.3079E-13
Sr84   38   84  2.5579E-10  1.2425E+00  3.6934E-09  3.6934E-09
Sr86   38   86  4.6312E-09  1.3224E+00  7.1168E-08  6.9361E-08  Rb86:  1.8065E-09  Y86 :  6.9414E-15
Sr87   38   87  3.2742E-09  1.1231E+00  4.2730E-08  4.2728E-08  Y87 :  2.4574E-12
Sr88   38   88  3.9706E-08  1.0783E+00  4.9752E-07  4.9752E-07  Rb88:  8.1572E-17  Y88 :  7.7484E-12
Y89    39   89  1.0626E-08  1.0346E+00  1.2775E-07  1.2641E-07  Sr89:  1.3442E-09
Zr90   40   90  1.2960E-08  1.0086E+00  1.5190E-07  1.5139E-07  Sr90:  3.8338E-10  Y90 :  1.2345E-10
Zr91   40   91  2.8577E-09  1.0021E+00  3.3277E-08  3.2934E-08  Sr91:  2.6764E-12  Y91 :  3.2605E-10  Nb91:  1.4964E-11
Zr92   40   92  4.4160E-09  1.0026E+00  5.1450E-08  5.1448E-08  Nb92:  1.9271E-12
Zr94   40   94  4.5725E-09  9.8100E-01  5.2125E-08  5.2125E-08
Zr96   40   96  7.5233E-10  3.4027E-02  2.9747E-10  2.9747E-10
Nb93   41   93  1.9745E-09  9.6169E-01  2.2065E-08  2.1180E-08  Zr93:  8.6093E-10  Mo93:  2.4682E-11
Mo92   42   92  7.4625E-10  9.7838E-01  8.4841E-09  8.4841E-09
Mo94   42   94  4.8037E-10  1.1600E+00  6.4751E-09  6.4669E-09  Nb94:  8.2715E-12
Mo95   42   95  8.4024E-10  9.8020E-01  9.5705E-09  9.3607E-09  Zr95:  1.8196E-10  Nb95:  2.7765E-11
Mo96   42   96  8.9379E-10  1.8062E+00  1.8759E-08  1.8757E-08  Nb96:  2.1862E-12
Mo97   42   97  5.1997E-10  1.2796E+00  7.7314E-09  7.7302E-09  Zr97:  1.0363E-12  Nb97:  2.1014E-13
Mo98   42   98  1.3349E-09  1.0615E+00  1.6465E-08  1.6465E-08
