# Units are Msun
# M_init	hf176	hf177	hf178	hf179	hf180	
8	0	0	0	0	0	
9.000000e+00	1.160000e-11	4.170000e-11	6.150000e-11	3.080000e-11	8.010000e-11	
9.250000e+00	1.240000e-11	4.460000e-11	6.580000e-11	3.290000e-11	8.560000e-11	
9.500000e+00	1.330000e-11	4.800000e-11	7.070000e-11	3.540000e-11	9.210000e-11	
1.000000e+01	1.480000e-11	5.330000e-11	7.870000e-11	3.940000e-11	1.020000e-10	
1.025000e+01	1.470000e-11	5.310000e-11	7.820000e-11	3.920000e-11	1.020000e-10	
1.050000e+01	1.400000e-11	5.030000e-11	7.410000e-11	3.710000e-11	9.650000e-11	
1.075000e+01	1.410000e-11	5.090000e-11	7.500000e-11	3.760000e-11	9.770000e-11	
1.100000e+01	1.420000e-11	5.120000e-11	7.540000e-11	3.780000e-11	9.820000e-11	
1.125000e+01	1.640000e-11	5.920000e-11	8.730000e-11	4.380000e-11	1.140000e-10	
1.150000e+01	3.400000e-11	1.220000e-10	1.800000e-10	9.040000e-11	2.350000e-10	
1.175000e+01	4.440000e-11	1.600000e-10	2.360000e-10	1.180000e-10	3.070000e-10	
1.200000e+01	5.000000e-11	1.800000e-10	2.650000e-10	1.330000e-10	3.450000e-10	
1.225000e+01	5.310000e-11	1.910000e-10	2.820000e-10	1.410000e-10	3.670000e-10	
1.250000e+01	5.970000e-11	2.150000e-10	3.170000e-10	1.590000e-10	4.120000e-10	
1.275000e+01	6.120000e-11	2.200000e-10	3.250000e-10	1.630000e-10	4.230000e-10	
1.300000e+01	6.520000e-11	2.350000e-10	3.460000e-10	1.730000e-10	4.500000e-10	
1.310000e+01	7.430000e-11	2.680000e-10	3.930000e-10	1.970000e-10	5.120000e-10	
1.320000e+01	7.570000e-11	2.730000e-10	4.010000e-10	2.010000e-10	5.220000e-10	
1.330000e+01	7.270000e-11	2.620000e-10	3.850000e-10	1.930000e-10	5.020000e-10	
1.340000e+01	7.590000e-11	2.740000e-10	4.020000e-10	2.020000e-10	5.240000e-10	
1.350000e+01	7.850000e-11	2.830000e-10	4.160000e-10	2.090000e-10	5.420000e-10	
1.360000e+01	8.350000e-11	3.010000e-10	4.420000e-10	2.220000e-10	5.760000e-10	
1.370000e+01	8.260000e-11	2.980000e-10	4.380000e-10	2.200000e-10	5.700000e-10	
1.380000e+01	8.810000e-11	3.180000e-10	4.670000e-10	2.340000e-10	6.080000e-10	
1.390000e+01	8.090000e-11	2.910000e-10	4.280000e-10	2.150000e-10	5.580000e-10	
1.400000e+01	9.180000e-11	3.310000e-10	4.860000e-10	2.440000e-10	6.330000e-10	
1.410000e+01	9.180000e-11	3.310000e-10	4.860000e-10	2.440000e-10	6.330000e-10	
1.420000e+01	8.580000e-11	3.090000e-10	4.540000e-10	2.280000e-10	5.920000e-10	
1.430000e+01	8.890000e-11	3.200000e-10	4.710000e-10	2.370000e-10	6.140000e-10	
1.440000e+01	9.180000e-11	3.310000e-10	4.860000e-10	2.440000e-10	6.330000e-10	
1.450000e+01	1.050000e-10	3.770000e-10	5.540000e-10	2.780000e-10	7.220000e-10	
1.460000e+01	9.110000e-11	3.280000e-10	4.830000e-10	2.420000e-10	6.290000e-10	
1.470000e+01	9.880000e-11	3.560000e-10	5.230000e-10	2.630000e-10	6.820000e-10	
1.480000e+01	9.200000e-11	3.320000e-10	4.870000e-10	2.450000e-10	6.350000e-10	
1.490000e+01	9.130000e-11	3.290000e-10	4.840000e-10	2.430000e-10	6.300000e-10	
1.500000e+01	1.090000e-10	3.930000e-10	5.780000e-10	2.900000e-10	7.530000e-10	
1.510000e+01	9.870000e-11	3.560000e-10	5.230000e-10	2.620000e-10	6.810000e-10	
1.520000e+01	1.190000e-10	4.290000e-10	6.310000e-10	3.170000e-10	8.220000e-10	
1.530000e+01	9.920000e-11	3.580000e-10	5.250000e-10	2.640000e-10	6.850000e-10	
1.540000e+01	9.900000e-11	3.570000e-10	5.240000e-10	2.630000e-10	6.830000e-10	
1.550000e+01	1.010000e-10	3.640000e-10	5.360000e-10	2.690000e-10	6.980000e-10	
1.560000e+01	1.080000e-10	3.890000e-10	5.720000e-10	2.870000e-10	7.450000e-10	
1.570000e+01	1.140000e-10	4.120000e-10	6.060000e-10	3.040000e-10	7.900000e-10	
1.580000e+01	1.090000e-10	3.910000e-10	5.750000e-10	2.890000e-10	7.500000e-10	
1.590000e+01	1.060000e-10	3.840000e-10	5.640000e-10	2.830000e-10	7.340000e-10	
1.600000e+01	1.300000e-10	4.680000e-10	6.880000e-10	3.460000e-10	8.970000e-10	
1.610000e+01	1.070000e-10	3.870000e-10	5.690000e-10	2.860000e-10	7.410000e-10	
1.620000e+01	1.210000e-10	4.350000e-10	6.390000e-10	3.210000e-10	8.320000e-10	
1.630000e+01	1.110000e-10	4.000000e-10	5.880000e-10	2.950000e-10	7.660000e-10	
1.640000e+01	1.110000e-10	3.980000e-10	5.850000e-10	2.940000e-10	7.620000e-10	
1.650000e+01	1.140000e-10	4.120000e-10	6.050000e-10	3.040000e-10	7.880000e-10	
1.660000e+01	1.250000e-10	4.490000e-10	6.600000e-10	3.310000e-10	8.600000e-10	
1.670000e+01	1.200000e-10	4.320000e-10	6.350000e-10	3.190000e-10	8.270000e-10	
1.680000e+01	1.190000e-10	4.280000e-10	6.290000e-10	3.160000e-10	8.200000e-10	
1.690000e+01	1.210000e-10	4.360000e-10	6.410000e-10	3.220000e-10	8.340000e-10	
1.700000e+01	1.230000e-10	4.430000e-10	6.510000e-10	3.270000e-10	8.480000e-10	
1.710000e+01	1.250000e-10	4.490000e-10	6.600000e-10	3.310000e-10	8.600000e-10	
1.720000e+01	1.300000e-10	4.680000e-10	6.880000e-10	3.450000e-10	8.960000e-10	
1.730000e+01	1.270000e-10	4.570000e-10	6.720000e-10	3.370000e-10	8.750000e-10	
1.740000e+01	1.410000e-10	5.090000e-10	7.480000e-10	3.760000e-10	9.750000e-10	
1.750000e+01	1.330000e-10	4.800000e-10	7.060000e-10	3.540000e-10	9.190000e-10	
1.760000e+01	1.330000e-10	4.780000e-10	7.020000e-10	3.520000e-10	9.150000e-10	
1.770000e+01	1.390000e-10	5.000000e-10	7.340000e-10	3.690000e-10	9.570000e-10	
1.780000e+01	1.370000e-10	4.930000e-10	7.250000e-10	3.640000e-10	9.440000e-10	
1.790000e+01	1.370000e-10	4.950000e-10	7.280000e-10	3.650000e-10	9.480000e-10	
1.800000e+01	1.400000e-10	5.030000e-10	7.390000e-10	3.710000e-10	9.630000e-10	
1.810000e+01	1.380000e-10	4.980000e-10	7.320000e-10	3.680000e-10	9.540000e-10	
1.820000e+01	1.450000e-10	5.210000e-10	7.660000e-10	3.850000e-10	9.980000e-10	
1.830000e+01	1.430000e-10	5.160000e-10	7.580000e-10	3.810000e-10	9.880000e-10	
1.840000e+01	1.480000e-10	5.330000e-10	7.830000e-10	3.930000e-10	1.020000e-09	
1.850000e+01	1.620000e-10	5.840000e-10	8.580000e-10	4.310000e-10	1.120000e-09	
1.860000e+01	1.530000e-10	5.500000e-10	8.080000e-10	4.060000e-10	1.050000e-09	
1.870000e+01	1.550000e-10	5.600000e-10	8.220000e-10	4.130000e-10	1.070000e-09	
1.880000e+01	1.740000e-10	6.270000e-10	9.220000e-10	4.630000e-10	1.200000e-09	
1.890000e+01	1.760000e-10	6.330000e-10	9.300000e-10	4.670000e-10	1.210000e-09	
1.900000e+01	1.590000e-10	5.740000e-10	8.430000e-10	4.230000e-10	1.100000e-09	
1.910000e+01	1.600000e-10	5.780000e-10	8.500000e-10	4.270000e-10	1.110000e-09	
1.920000e+01	1.660000e-10	6.000000e-10	8.810000e-10	4.420000e-10	1.150000e-09	
1.930000e+01	1.710000e-10	6.170000e-10	9.080000e-10	4.560000e-10	1.180000e-09	
1.940000e+01	1.760000e-10	6.340000e-10	9.310000e-10	4.680000e-10	1.210000e-09	
1.950000e+01	1.740000e-10	6.280000e-10	9.230000e-10	4.640000e-10	1.200000e-09	
1.960000e+01	1.800000e-10	6.480000e-10	9.520000e-10	4.780000e-10	1.240000e-09	
1.970000e+01	1.800000e-10	6.470000e-10	9.510000e-10	4.770000e-10	1.240000e-09	
1.980000e+01	1.800000e-10	6.480000e-10	9.520000e-10	4.780000e-10	1.240000e-09	
1.990000e+01	1.840000e-10	6.630000e-10	9.750000e-10	4.890000e-10	1.270000e-09	
2.000000e+01	1.890000e-10	6.810000e-10	1.000000e-09	5.020000e-10	1.300000e-09	
2.010000e+01	1.910000e-10	6.890000e-10	1.010000e-09	5.080000e-10	1.320000e-09	
2.020000e+01	1.990000e-10	7.160000e-10	1.050000e-09	5.280000e-10	1.370000e-09	
2.030000e+01	1.930000e-10	6.960000e-10	1.020000e-09	5.140000e-10	1.330000e-09	
2.040000e+01	2.030000e-10	7.320000e-10	1.080000e-09	5.400000e-10	1.400000e-09	
2.050000e+01	2.010000e-10	7.230000e-10	1.060000e-09	5.330000e-10	1.380000e-09	
2.060000e+01	2.250000e-10	8.100000e-10	1.190000e-09	5.980000e-10	1.550000e-09	
2.070000e+01	2.170000e-10	7.810000e-10	1.150000e-09	5.760000e-10	1.490000e-09	
2.080000e+01	2.180000e-10	7.850000e-10	1.150000e-09	5.790000e-10	1.500000e-09	
2.090000e+01	2.120000e-10	7.660000e-10	1.120000e-09	5.650000e-10	1.470000e-09	
2.100000e+01	2.220000e-10	8.010000e-10	1.180000e-09	5.910000e-10	1.530000e-09	
2.110000e+01	2.240000e-10	8.070000e-10	1.180000e-09	5.950000e-10	1.540000e-09	
2.120000e+01	2.200000e-10	7.920000e-10	1.160000e-09	5.840000e-10	1.520000e-09	
2.130000e+01	2.270000e-10	8.190000e-10	1.200000e-09	6.050000e-10	1.570000e-09	
2.140000e+01	2.380000e-10	8.590000e-10	1.260000e-09	6.340000e-10	1.650000e-09	
2.150000e+01	2.480000e-10	8.950000e-10	1.310000e-09	6.600000e-10	1.710000e-09	
2.160000e+01	2.400000e-10	8.640000e-10	1.270000e-09	6.380000e-10	1.650000e-09	
2.170000e+01	2.420000e-10	8.710000e-10	1.280000e-09	6.430000e-10	1.670000e-09	
2.180000e+01	2.490000e-10	8.960000e-10	1.320000e-09	6.610000e-10	1.720000e-09	
2.190000e+01	2.450000e-10	8.840000e-10	1.300000e-09	6.520000e-10	1.690000e-09	
2.200000e+01	2.630000e-10	9.480000e-10	1.390000e-09	7.000000e-10	1.820000e-09	
2.210000e+01	2.640000e-10	9.520000e-10	1.400000e-09	7.020000e-10	1.820000e-09	
2.220000e+01	2.580000e-10	9.320000e-10	1.370000e-09	6.870000e-10	1.780000e-09	
2.230000e+01	2.700000e-10	9.730000e-10	1.430000e-09	7.180000e-10	1.860000e-09	
2.240000e+01	2.740000e-10	9.870000e-10	1.450000e-09	7.280000e-10	1.890000e-09	
2.250000e+01	2.790000e-10	1.010000e-09	1.480000e-09	7.430000e-10	1.930000e-09	
2.260000e+01	2.780000e-10	1.000000e-09	1.470000e-09	7.400000e-10	1.920000e-09	
2.270000e+01	2.870000e-10	1.040000e-09	1.520000e-09	7.640000e-10	1.980000e-09	
2.280000e+01	2.980000e-10	1.070000e-09	1.580000e-09	7.920000e-10	2.050000e-09	
2.290000e+01	2.940000e-10	1.060000e-09	1.560000e-09	7.830000e-10	2.030000e-09	
2.300000e+01	2.970000e-10	1.070000e-09	1.580000e-09	7.910000e-10	2.050000e-09	
2.310000e+01	3.020000e-10	1.090000e-09	1.600000e-09	8.030000e-10	2.080000e-09	
2.320000e+01	3.080000e-10	1.110000e-09	1.630000e-09	8.180000e-10	2.120000e-09	
2.330000e+01	3.080000e-10	1.110000e-09	1.630000e-09	8.190000e-10	2.130000e-09	
2.340000e+01	3.150000e-10	1.140000e-09	1.670000e-09	8.380000e-10	2.180000e-09	
2.350000e+01	3.160000e-10	1.140000e-09	1.670000e-09	8.390000e-10	2.180000e-09	
2.360000e+01	3.400000e-10	1.230000e-09	1.800000e-09	9.040000e-10	2.350000e-09	
2.370000e+01	3.380000e-10	1.220000e-09	1.790000e-09	8.990000e-10	2.330000e-09	
2.380000e+01	3.530000e-10	1.270000e-09	1.870000e-09	9.370000e-10	2.430000e-09	
2.390000e+01	3.390000e-10	1.220000e-09	1.790000e-09	9.000000e-10	2.340000e-09	
2.400000e+01	3.610000e-10	1.300000e-09	1.910000e-09	9.610000e-10	2.490000e-09	
2.410000e+01	3.520000e-10	1.270000e-09	1.860000e-09	9.360000e-10	2.430000e-09	
2.420000e+01	4.080000e-10	1.470000e-09	2.160000e-09	1.090000e-09	2.810000e-09	
2.430000e+01	3.610000e-10	1.300000e-09	1.920000e-09	9.610000e-10	2.500000e-09	
2.440000e+01	3.830000e-10	1.380000e-09	2.030000e-09	1.020000e-09	2.640000e-09	
2.450000e+01	3.870000e-10	1.400000e-09	2.050000e-09	1.030000e-09	2.670000e-09	
2.460000e+01	3.930000e-10	1.420000e-09	2.080000e-09	1.050000e-09	2.710000e-09	
2.470000e+01	4.080000e-10	1.470000e-09	2.160000e-09	1.080000e-09	2.810000e-09	
2.480000e+01	3.910000e-10	1.410000e-09	2.070000e-09	1.040000e-09	2.700000e-09	
2.490000e+01	4.000000e-10	1.440000e-09	2.120000e-09	1.060000e-09	2.760000e-09	
2.500000e+01	4.160000e-10	1.500000e-09	2.210000e-09	1.110000e-09	2.870000e-09	
2.510000e+01	4.220000e-10	1.520000e-09	2.230000e-09	1.120000e-09	2.910000e-09	
2.520000e+01	4.610000e-10	1.660000e-09	2.440000e-09	1.230000e-09	3.180000e-09	
2.530000e+01	4.110000e-10	1.480000e-09	2.180000e-09	1.090000e-09	2.840000e-09	
2.540000e+01	4.450000e-10	1.600000e-09	2.360000e-09	1.180000e-09	3.070000e-09	
2.550000e+01	4.580000e-10	1.650000e-09	2.420000e-09	1.220000e-09	3.160000e-09	
2.560000e+01	4.550000e-10	1.640000e-09	2.410000e-09	1.210000e-09	3.140000e-09	
2.570000e+01	4.470000e-10	1.610000e-09	2.370000e-09	1.190000e-09	3.090000e-09	
2.580000e+01	4.480000e-10	1.610000e-09	2.370000e-09	1.190000e-09	3.090000e-09	
2.590000e+01	4.750000e-10	1.710000e-09	2.520000e-09	1.260000e-09	3.280000e-09	
2.600000e+01	4.800000e-10	1.730000e-09	2.540000e-09	1.280000e-09	3.310000e-09	
2.610000e+01	4.840000e-10	1.740000e-09	2.560000e-09	1.290000e-09	3.340000e-09	
2.620000e+01	4.910000e-10	1.770000e-09	2.600000e-09	1.310000e-09	3.390000e-09	
2.630000e+01	5.020000e-10	1.810000e-09	2.660000e-09	1.330000e-09	3.460000e-09	
2.640000e+01	5.120000e-10	1.840000e-09	2.710000e-09	1.360000e-09	3.530000e-09	
2.650000e+01	4.950000e-10	1.780000e-09	2.620000e-09	1.320000e-09	3.420000e-09	
2.660000e+01	5.130000e-10	1.850000e-09	2.720000e-09	1.360000e-09	3.540000e-09	
2.670000e+01	5.290000e-10	1.910000e-09	2.800000e-09	1.410000e-09	3.650000e-09	
2.680000e+01	5.250000e-10	1.890000e-09	2.780000e-09	1.400000e-09	3.620000e-09	
2.690000e+01	5.210000e-10	1.880000e-09	2.760000e-09	1.390000e-09	3.600000e-09	
2.700000e+01	5.280000e-10	1.900000e-09	2.800000e-09	1.400000e-09	3.640000e-09	
2.710000e+01	5.450000e-10	1.960000e-09	2.880000e-09	1.450000e-09	3.760000e-09	
2.720000e+01	5.420000e-10	1.950000e-09	2.870000e-09	1.440000e-09	3.740000e-09	
2.730000e+01	5.570000e-10	2.010000e-09	2.950000e-09	1.480000e-09	3.840000e-09	
2.740000e+01	5.630000e-10	2.030000e-09	2.980000e-09	1.500000e-09	3.890000e-09	
2.750000e+01	5.680000e-10	2.050000e-09	3.010000e-09	1.510000e-09	3.920000e-09	
2.760000e+01	5.800000e-10	2.090000e-09	3.070000e-09	1.540000e-09	4.000000e-09	
2.770000e+01	5.850000e-10	2.110000e-09	3.100000e-09	1.560000e-09	4.040000e-09	
2.780000e+01	5.890000e-10	2.120000e-09	3.120000e-09	1.570000e-09	4.070000e-09	
2.790000e+01	5.790000e-10	2.090000e-09	3.070000e-09	1.540000e-09	4.000000e-09	
2.800000e+01	5.860000e-10	2.110000e-09	3.100000e-09	1.560000e-09	4.040000e-09	
2.810000e+01	6.080000e-10	2.190000e-09	3.220000e-09	1.620000e-09	4.190000e-09	
2.820000e+01	6.200000e-10	2.240000e-09	3.290000e-09	1.650000e-09	4.280000e-09	
2.830000e+01	6.260000e-10	2.260000e-09	3.320000e-09	1.670000e-09	4.320000e-09	
2.840000e+01	6.440000e-10	2.320000e-09	3.410000e-09	1.710000e-09	4.450000e-09	
2.850000e+01	6.330000e-10	2.280000e-09	3.360000e-09	1.680000e-09	4.370000e-09	
2.860000e+01	6.500000e-10	2.340000e-09	3.440000e-09	1.730000e-09	4.490000e-09	
2.870000e+01	6.520000e-10	2.350000e-09	3.460000e-09	1.730000e-09	4.500000e-09	
2.880000e+01	6.530000e-10	2.350000e-09	3.460000e-09	1.740000e-09	4.510000e-09	
2.890000e+01	6.650000e-10	2.400000e-09	3.520000e-09	1.770000e-09	4.590000e-09	
2.900000e+01	6.330000e-10	2.280000e-09	3.350000e-09	1.680000e-09	4.370000e-09	
2.910000e+01	6.750000e-10	2.430000e-09	3.580000e-09	1.790000e-09	4.660000e-09	
2.920000e+01	6.640000e-10	2.390000e-09	3.520000e-09	1.770000e-09	4.580000e-09	
2.930000e+01	6.880000e-10	2.480000e-09	3.650000e-09	1.830000e-09	4.750000e-09	
2.940000e+01	6.990000e-10	2.520000e-09	3.710000e-09	1.860000e-09	4.830000e-09	
2.950000e+01	7.200000e-10	2.590000e-09	3.810000e-09	1.920000e-09	4.970000e-09	
2.960000e+01	7.050000e-10	2.540000e-09	3.740000e-09	1.880000e-09	4.870000e-09	
2.970000e+01	7.090000e-10	2.550000e-09	3.760000e-09	1.890000e-09	4.900000e-09	
2.980000e+01	7.280000e-10	2.620000e-09	3.860000e-09	1.940000e-09	5.020000e-09	
2.990000e+01	7.290000e-10	2.630000e-09	3.860000e-09	1.940000e-09	5.030000e-09	
3.000000e+01	7.370000e-10	2.660000e-09	3.900000e-09	1.960000e-09	5.090000e-09	
3.100000e+01	7.900000e-10	2.850000e-09	4.190000e-09	2.100000e-09	5.450000e-09	
3.200000e+01	8.460000e-10	3.050000e-09	4.480000e-09	2.250000e-09	5.840000e-09	
3.300000e+01	8.990000e-10	3.240000e-09	4.760000e-09	2.390000e-09	6.210000e-09	
3.500000e+01	9.710000e-10	3.500000e-09	5.140000e-09	2.580000e-09	6.700000e-09	
4.000000e+01	1.120000e-09	4.040000e-09	5.950000e-09	2.980000e-09	7.750000e-09	
4.500000e+01	1.990000e-09	5.020000e-09	8.200000e-09	3.930000e-09	1.130000e-08	
5.000000e+01	4.720000e-09	6.450000e-09	1.320000e-08	5.750000e-09	1.910000e-08	
5.500000e+01	6.090000e-09	7.390000e-09	1.560000e-08	6.670000e-09	2.210000e-08	
6.000000e+01	6.150000e-09	7.900000e-09	1.550000e-08	6.660000e-09	2.040000e-08	
7.000000e+01	6.420000e-09	9.010000e-09	1.740000e-08	7.580000e-09	2.340000e-08	
8.000000e+01	7.410000e-09	1.030000e-08	2.000000e-08	8.720000e-09	2.710000e-08	
1.000000e+02	9.100000e-09	1.280000e-08	2.520000e-08	1.100000e-08	3.450000e-08	
1.200000e+02	1.100000e-08	1.540000e-08	3.050000e-08	1.330000e-08	4.190000e-08	
