# Units are Msun
# M_init	yb168	yb170	yb171	yb172	yb173	yb174	yb176	
8	0	0	0	0	0	0	0	
9.000000e+00	4.040000e-13	9.700000e-12	4.510000e-11	6.970000e-11	5.170000e-11	1.030000e-10	4.160000e-11	
9.250000e+00	4.320000e-13	1.040000e-11	4.820000e-11	7.450000e-11	5.530000e-11	1.100000e-10	4.440000e-11	
9.500000e+00	4.650000e-13	1.110000e-11	5.180000e-11	8.010000e-11	5.940000e-11	1.180000e-10	4.780000e-11	
1.000000e+01	5.170000e-13	1.240000e-11	5.760000e-11	8.910000e-11	6.610000e-11	1.310000e-10	5.310000e-11	
1.025000e+01	5.140000e-13	1.230000e-11	5.730000e-11	8.860000e-11	6.580000e-11	1.300000e-10	5.280000e-11	
1.050000e+01	4.870000e-13	1.170000e-11	5.430000e-11	8.390000e-11	6.230000e-11	1.230000e-10	5.000000e-11	
1.075000e+01	4.930000e-13	1.180000e-11	5.500000e-11	8.500000e-11	6.310000e-11	1.250000e-10	5.070000e-11	
1.100000e+01	4.960000e-13	1.190000e-11	5.530000e-11	8.540000e-11	6.340000e-11	1.260000e-10	5.100000e-11	
1.125000e+01	5.740000e-13	1.380000e-11	6.390000e-11	9.890000e-11	7.340000e-11	1.460000e-10	5.900000e-11	
1.150000e+01	1.190000e-12	2.850000e-11	1.320000e-10	2.040000e-10	1.520000e-10	3.010000e-10	1.220000e-10	
1.175000e+01	1.550000e-12	3.720000e-11	1.720000e-10	2.670000e-10	1.980000e-10	3.930000e-10	1.590000e-10	
1.200000e+01	1.740000e-12	4.180000e-11	1.940000e-10	3.000000e-10	2.230000e-10	4.420000e-10	1.790000e-10	
1.225000e+01	1.850000e-12	4.440000e-11	2.060000e-10	3.190000e-10	2.370000e-10	4.700000e-10	1.900000e-10	
1.250000e+01	2.080000e-12	5.000000e-11	2.320000e-10	3.590000e-10	2.660000e-10	5.280000e-10	2.140000e-10	
1.275000e+01	2.140000e-12	5.120000e-11	2.380000e-10	3.680000e-10	2.730000e-10	5.420000e-10	2.190000e-10	
1.300000e+01	2.270000e-12	5.460000e-11	2.530000e-10	3.920000e-10	2.910000e-10	5.770000e-10	2.340000e-10	
1.310000e+01	2.600000e-12	6.120000e-11	2.890000e-10	4.460000e-10	3.310000e-10	6.560000e-10	2.660000e-10	
1.320000e+01	2.640000e-12	6.240000e-11	2.940000e-10	4.540000e-10	3.380000e-10	6.690000e-10	2.710000e-10	
1.330000e+01	2.540000e-12	5.990000e-11	2.830000e-10	4.360000e-10	3.240000e-10	6.430000e-10	2.600000e-10	
1.340000e+01	2.650000e-12	6.260000e-11	2.950000e-10	4.550000e-10	3.390000e-10	6.710000e-10	2.720000e-10	
1.350000e+01	2.740000e-12	6.470000e-11	3.050000e-10	4.710000e-10	3.500000e-10	6.930000e-10	2.810000e-10	
1.360000e+01	2.920000e-12	6.880000e-11	3.250000e-10	5.010000e-10	3.730000e-10	7.380000e-10	2.990000e-10	
1.370000e+01	2.890000e-12	6.810000e-11	3.210000e-10	4.960000e-10	3.690000e-10	7.300000e-10	2.960000e-10	
1.380000e+01	3.080000e-12	7.260000e-11	3.430000e-10	5.290000e-10	3.930000e-10	7.790000e-10	3.160000e-10	
1.390000e+01	2.830000e-12	6.670000e-11	3.150000e-10	4.850000e-10	3.610000e-10	7.150000e-10	2.900000e-10	
1.400000e+01	3.210000e-12	7.560000e-11	3.570000e-10	5.510000e-10	4.090000e-10	8.110000e-10	3.290000e-10	
1.410000e+01	3.210000e-12	7.560000e-11	3.570000e-10	5.510000e-10	4.090000e-10	8.110000e-10	3.290000e-10	
1.420000e+01	3.000000e-12	7.070000e-11	3.340000e-10	5.150000e-10	3.830000e-10	7.580000e-10	3.070000e-10	
1.430000e+01	3.110000e-12	7.330000e-11	3.460000e-10	5.330000e-10	3.970000e-10	7.860000e-10	3.190000e-10	
1.440000e+01	3.210000e-12	7.570000e-11	3.570000e-10	5.510000e-10	4.090000e-10	8.110000e-10	3.290000e-10	
1.450000e+01	3.660000e-12	8.630000e-11	4.070000e-10	6.280000e-10	4.670000e-10	9.250000e-10	3.750000e-10	
1.460000e+01	3.180000e-12	7.510000e-11	3.540000e-10	5.470000e-10	4.060000e-10	8.050000e-10	3.260000e-10	
1.470000e+01	3.450000e-12	8.140000e-11	3.840000e-10	5.930000e-10	4.410000e-10	8.730000e-10	3.540000e-10	
1.480000e+01	3.210000e-12	7.580000e-11	3.580000e-10	5.520000e-10	4.100000e-10	8.130000e-10	3.290000e-10	
1.490000e+01	3.190000e-12	7.530000e-11	3.550000e-10	5.480000e-10	4.070000e-10	8.070000e-10	3.270000e-10	
1.500000e+01	3.810000e-12	8.990000e-11	4.240000e-10	6.550000e-10	4.870000e-10	9.640000e-10	3.910000e-10	
1.510000e+01	3.450000e-12	8.130000e-11	3.840000e-10	5.920000e-10	4.400000e-10	8.720000e-10	3.530000e-10	
1.520000e+01	4.160000e-12	9.820000e-11	4.630000e-10	7.140000e-10	5.310000e-10	1.050000e-09	4.270000e-10	
1.530000e+01	3.470000e-12	8.180000e-11	3.860000e-10	5.950000e-10	4.430000e-10	8.760000e-10	3.550000e-10	
1.540000e+01	3.460000e-12	8.160000e-11	3.850000e-10	5.940000e-10	4.420000e-10	8.750000e-10	3.550000e-10	
1.550000e+01	3.530000e-12	8.330000e-11	3.930000e-10	6.070000e-10	4.510000e-10	8.930000e-10	3.620000e-10	
1.560000e+01	3.770000e-12	8.890000e-11	4.200000e-10	6.470000e-10	4.810000e-10	9.530000e-10	3.870000e-10	
1.570000e+01	4.000000e-12	9.430000e-11	4.450000e-10	6.860000e-10	5.100000e-10	1.010000e-09	4.100000e-10	
1.580000e+01	3.800000e-12	8.950000e-11	4.220000e-10	6.520000e-10	4.850000e-10	9.600000e-10	3.890000e-10	
1.590000e+01	3.720000e-12	8.770000e-11	4.140000e-10	6.390000e-10	4.750000e-10	9.400000e-10	3.810000e-10	
1.600000e+01	4.540000e-12	1.070000e-10	5.060000e-10	7.800000e-10	5.800000e-10	1.150000e-09	4.660000e-10	
1.610000e+01	3.750000e-12	8.850000e-11	4.180000e-10	6.440000e-10	4.790000e-10	9.490000e-10	3.850000e-10	
1.620000e+01	4.210000e-12	9.940000e-11	4.690000e-10	7.240000e-10	5.380000e-10	1.060000e-09	4.320000e-10	
1.630000e+01	3.880000e-12	9.150000e-11	4.320000e-10	6.660000e-10	4.950000e-10	9.810000e-10	3.980000e-10	
1.640000e+01	3.860000e-12	9.100000e-11	4.300000e-10	6.630000e-10	4.930000e-10	9.760000e-10	3.960000e-10	
1.650000e+01	3.990000e-12	9.410000e-11	4.440000e-10	6.850000e-10	5.100000e-10	1.010000e-09	4.090000e-10	
1.660000e+01	4.350000e-12	1.030000e-10	4.850000e-10	7.480000e-10	5.560000e-10	1.100000e-09	4.460000e-10	
1.670000e+01	4.190000e-12	9.880000e-11	4.660000e-10	7.190000e-10	5.350000e-10	1.060000e-09	4.290000e-10	
1.680000e+01	4.150000e-12	9.790000e-11	4.620000e-10	7.130000e-10	5.300000e-10	1.050000e-09	4.260000e-10	
1.690000e+01	4.230000e-12	9.970000e-11	4.700000e-10	7.260000e-10	5.400000e-10	1.070000e-09	4.330000e-10	
1.700000e+01	4.290000e-12	1.010000e-10	4.780000e-10	7.370000e-10	5.480000e-10	1.090000e-09	4.400000e-10	
1.710000e+01	4.360000e-12	1.030000e-10	4.850000e-10	7.480000e-10	5.560000e-10	1.100000e-09	4.470000e-10	
1.720000e+01	4.540000e-12	1.070000e-10	5.050000e-10	7.790000e-10	5.790000e-10	1.150000e-09	4.650000e-10	
1.730000e+01	4.430000e-12	1.050000e-10	4.930000e-10	7.610000e-10	5.660000e-10	1.120000e-09	4.540000e-10	
1.740000e+01	4.940000e-12	1.160000e-10	5.500000e-10	8.480000e-10	6.300000e-10	1.250000e-09	5.060000e-10	
1.750000e+01	4.660000e-12	1.100000e-10	5.180000e-10	7.990000e-10	5.940000e-10	1.180000e-09	4.770000e-10	
1.760000e+01	4.630000e-12	1.090000e-10	5.160000e-10	7.950000e-10	5.910000e-10	1.170000e-09	4.750000e-10	
1.770000e+01	4.840000e-12	1.140000e-10	5.390000e-10	8.320000e-10	6.190000e-10	1.230000e-09	4.970000e-10	
1.780000e+01	4.780000e-12	1.130000e-10	5.320000e-10	8.210000e-10	6.110000e-10	1.210000e-09	4.900000e-10	
1.790000e+01	4.800000e-12	1.130000e-10	5.340000e-10	8.240000e-10	6.130000e-10	1.210000e-09	4.920000e-10	
1.800000e+01	4.870000e-12	1.150000e-10	5.430000e-10	8.370000e-10	6.220000e-10	1.230000e-09	5.000000e-10	
1.810000e+01	4.830000e-12	1.140000e-10	5.370000e-10	8.290000e-10	6.160000e-10	1.220000e-09	4.950000e-10	
1.820000e+01	5.050000e-12	1.190000e-10	5.620000e-10	8.680000e-10	6.450000e-10	1.280000e-09	5.180000e-10	
1.830000e+01	5.000000e-12	1.180000e-10	5.570000e-10	8.590000e-10	6.390000e-10	1.270000e-09	5.130000e-10	
1.840000e+01	5.170000e-12	1.220000e-10	5.750000e-10	8.870000e-10	6.600000e-10	1.310000e-09	5.300000e-10	
1.850000e+01	5.660000e-12	1.340000e-10	6.300000e-10	9.720000e-10	7.230000e-10	1.430000e-09	5.800000e-10	
1.860000e+01	5.330000e-12	1.260000e-10	5.940000e-10	9.160000e-10	6.810000e-10	1.350000e-09	5.470000e-10	
1.870000e+01	5.430000e-12	1.280000e-10	6.040000e-10	9.320000e-10	6.930000e-10	1.370000e-09	5.560000e-10	
1.880000e+01	6.080000e-12	1.430000e-10	6.770000e-10	1.040000e-09	7.760000e-10	1.540000e-09	6.230000e-10	
1.890000e+01	6.140000e-12	1.450000e-10	6.830000e-10	1.050000e-09	7.830000e-10	1.550000e-09	6.290000e-10	
1.900000e+01	5.560000e-12	1.310000e-10	6.190000e-10	9.550000e-10	7.100000e-10	1.410000e-09	5.700000e-10	
1.910000e+01	5.600000e-12	1.320000e-10	6.240000e-10	9.620000e-10	7.160000e-10	1.420000e-09	5.750000e-10	
1.920000e+01	5.810000e-12	1.370000e-10	6.470000e-10	9.980000e-10	7.420000e-10	1.470000e-09	5.960000e-10	
1.930000e+01	5.990000e-12	1.410000e-10	6.670000e-10	1.030000e-09	7.640000e-10	1.510000e-09	6.140000e-10	
1.940000e+01	6.140000e-12	1.450000e-10	6.840000e-10	1.050000e-09	7.840000e-10	1.550000e-09	6.300000e-10	
1.950000e+01	6.090000e-12	1.440000e-10	6.780000e-10	1.050000e-09	7.780000e-10	1.540000e-09	6.250000e-10	
1.960000e+01	6.280000e-12	1.480000e-10	6.990000e-10	1.080000e-09	8.020000e-10	1.590000e-09	6.440000e-10	
1.970000e+01	6.270000e-12	1.480000e-10	6.980000e-10	1.080000e-09	8.010000e-10	1.590000e-09	6.430000e-10	
1.980000e+01	6.280000e-12	1.480000e-10	6.990000e-10	1.080000e-09	8.020000e-10	1.590000e-09	6.440000e-10	
1.990000e+01	6.430000e-12	1.520000e-10	7.160000e-10	1.100000e-09	8.210000e-10	1.630000e-09	6.590000e-10	
2.000000e+01	6.600000e-12	1.560000e-10	7.350000e-10	1.130000e-09	8.430000e-10	1.670000e-09	6.770000e-10	
2.010000e+01	6.680000e-12	1.580000e-10	7.440000e-10	1.150000e-09	8.530000e-10	1.690000e-09	6.850000e-10	
2.020000e+01	6.940000e-12	1.640000e-10	7.730000e-10	1.190000e-09	8.860000e-10	1.760000e-09	7.120000e-10	
2.030000e+01	6.750000e-12	1.590000e-10	7.510000e-10	1.160000e-09	8.620000e-10	1.710000e-09	6.920000e-10	
2.040000e+01	7.100000e-12	1.670000e-10	7.910000e-10	1.220000e-09	9.070000e-10	1.790000e-09	7.280000e-10	
2.050000e+01	7.010000e-12	1.650000e-10	7.800000e-10	1.200000e-09	8.950000e-10	1.770000e-09	7.190000e-10	
2.060000e+01	7.860000e-12	1.850000e-10	8.750000e-10	1.350000e-09	1.000000e-09	1.990000e-09	8.050000e-10	
2.070000e+01	7.570000e-12	1.790000e-10	8.430000e-10	1.300000e-09	9.660000e-10	1.910000e-09	7.760000e-10	
2.080000e+01	7.610000e-12	1.790000e-10	8.470000e-10	1.310000e-09	9.710000e-10	1.920000e-09	7.800000e-10	
2.090000e+01	7.420000e-12	1.750000e-10	8.270000e-10	1.280000e-09	9.480000e-10	1.880000e-09	7.610000e-10	
2.100000e+01	7.760000e-12	1.830000e-10	8.640000e-10	1.330000e-09	9.910000e-10	1.960000e-09	7.960000e-10	
2.110000e+01	7.820000e-12	1.840000e-10	8.710000e-10	1.340000e-09	9.980000e-10	1.980000e-09	8.020000e-10	
2.120000e+01	7.680000e-12	1.810000e-10	8.550000e-10	1.320000e-09	9.800000e-10	1.940000e-09	7.870000e-10	
2.130000e+01	7.940000e-12	1.870000e-10	8.840000e-10	1.360000e-09	1.010000e-09	2.010000e-09	8.140000e-10	
2.140000e+01	8.330000e-12	1.960000e-10	9.270000e-10	1.430000e-09	1.060000e-09	2.110000e-09	8.540000e-10	
2.150000e+01	8.680000e-12	2.050000e-10	9.660000e-10	1.490000e-09	1.110000e-09	2.190000e-09	8.900000e-10	
2.160000e+01	8.380000e-12	1.980000e-10	9.330000e-10	1.440000e-09	1.070000e-09	2.120000e-09	8.590000e-10	
2.170000e+01	8.450000e-12	1.990000e-10	9.400000e-10	1.450000e-09	1.080000e-09	2.140000e-09	8.660000e-10	
2.180000e+01	8.690000e-12	2.050000e-10	9.680000e-10	1.490000e-09	1.110000e-09	2.200000e-09	8.910000e-10	
2.190000e+01	8.570000e-12	2.020000e-10	9.540000e-10	1.470000e-09	1.090000e-09	2.170000e-09	8.780000e-10	
2.200000e+01	9.200000e-12	2.170000e-10	1.020000e-09	1.580000e-09	1.170000e-09	2.330000e-09	9.430000e-10	
2.210000e+01	9.230000e-12	2.180000e-10	1.030000e-09	1.590000e-09	1.180000e-09	2.330000e-09	9.460000e-10	
2.220000e+01	9.030000e-12	2.130000e-10	1.010000e-09	1.550000e-09	1.150000e-09	2.280000e-09	9.260000e-10	
2.230000e+01	9.430000e-12	2.230000e-10	1.050000e-09	1.620000e-09	1.200000e-09	2.380000e-09	9.670000e-10	
2.240000e+01	9.570000e-12	2.260000e-10	1.060000e-09	1.640000e-09	1.220000e-09	2.420000e-09	9.810000e-10	
2.250000e+01	9.760000e-12	2.300000e-10	1.090000e-09	1.680000e-09	1.250000e-09	2.470000e-09	1.000000e-09	
2.260000e+01	9.720000e-12	2.290000e-10	1.080000e-09	1.670000e-09	1.240000e-09	2.460000e-09	9.960000e-10	
2.270000e+01	1.000000e-11	2.370000e-10	1.120000e-09	1.720000e-09	1.280000e-09	2.540000e-09	1.030000e-09	
2.280000e+01	1.040000e-11	2.450000e-10	1.160000e-09	1.790000e-09	1.330000e-09	2.630000e-09	1.070000e-09	
2.290000e+01	1.030000e-11	2.430000e-10	1.150000e-09	1.770000e-09	1.310000e-09	2.600000e-09	1.050000e-09	
2.300000e+01	1.040000e-11	2.450000e-10	1.160000e-09	1.780000e-09	1.330000e-09	2.630000e-09	1.060000e-09	
2.310000e+01	1.060000e-11	2.490000e-10	1.170000e-09	1.810000e-09	1.350000e-09	2.670000e-09	1.080000e-09	
2.320000e+01	1.070000e-11	2.540000e-10	1.200000e-09	1.840000e-09	1.370000e-09	2.720000e-09	1.100000e-09	
2.330000e+01	1.080000e-11	2.540000e-10	1.200000e-09	1.850000e-09	1.370000e-09	2.720000e-09	1.100000e-09	
2.340000e+01	1.100000e-11	2.600000e-10	1.230000e-09	1.890000e-09	1.410000e-09	2.790000e-09	1.130000e-09	
2.350000e+01	1.100000e-11	2.600000e-10	1.230000e-09	1.890000e-09	1.410000e-09	2.790000e-09	1.130000e-09	
2.360000e+01	1.190000e-11	2.800000e-10	1.320000e-09	2.040000e-09	1.520000e-09	3.000000e-09	1.220000e-09	
2.370000e+01	1.180000e-11	2.790000e-10	1.310000e-09	2.030000e-09	1.510000e-09	2.990000e-09	1.210000e-09	
2.380000e+01	1.230000e-11	2.910000e-10	1.370000e-09	2.110000e-09	1.570000e-09	3.120000e-09	1.260000e-09	
2.390000e+01	1.180000e-11	2.790000e-10	1.320000e-09	2.030000e-09	1.510000e-09	2.990000e-09	1.210000e-09	
2.400000e+01	1.260000e-11	2.980000e-10	1.410000e-09	2.170000e-09	1.610000e-09	3.190000e-09	1.290000e-09	
2.410000e+01	1.230000e-11	2.900000e-10	1.370000e-09	2.110000e-09	1.570000e-09	3.110000e-09	1.260000e-09	
2.420000e+01	1.420000e-11	3.360000e-10	1.590000e-09	2.450000e-09	1.820000e-09	3.600000e-09	1.460000e-09	
2.430000e+01	1.260000e-11	2.980000e-10	1.410000e-09	2.170000e-09	1.610000e-09	3.190000e-09	1.290000e-09	
2.440000e+01	1.340000e-11	3.160000e-10	1.490000e-09	2.300000e-09	1.710000e-09	3.390000e-09	1.370000e-09	
2.450000e+01	1.350000e-11	3.190000e-10	1.510000e-09	2.320000e-09	1.730000e-09	3.420000e-09	1.390000e-09	
2.460000e+01	1.370000e-11	3.240000e-10	1.530000e-09	2.360000e-09	1.750000e-09	3.470000e-09	1.410000e-09	
2.470000e+01	1.420000e-11	3.360000e-10	1.590000e-09	2.450000e-09	1.820000e-09	3.600000e-09	1.460000e-09	
2.480000e+01	1.360000e-11	3.220000e-10	1.520000e-09	2.340000e-09	1.740000e-09	3.450000e-09	1.400000e-09	
2.490000e+01	1.400000e-11	3.290000e-10	1.550000e-09	2.400000e-09	1.780000e-09	3.530000e-09	1.430000e-09	
2.500000e+01	1.450000e-11	3.430000e-10	1.620000e-09	2.500000e-09	1.860000e-09	3.680000e-09	1.490000e-09	
2.510000e+01	1.470000e-11	3.480000e-10	1.640000e-09	2.530000e-09	1.880000e-09	3.730000e-09	1.510000e-09	
2.520000e+01	1.610000e-11	3.800000e-10	1.790000e-09	2.760000e-09	2.060000e-09	4.070000e-09	1.650000e-09	
2.530000e+01	1.440000e-11	3.390000e-10	1.600000e-09	2.470000e-09	1.830000e-09	3.630000e-09	1.470000e-09	
2.540000e+01	1.560000e-11	3.670000e-10	1.730000e-09	2.670000e-09	1.990000e-09	3.930000e-09	1.590000e-09	
2.550000e+01	1.600000e-11	3.770000e-10	1.780000e-09	2.750000e-09	2.040000e-09	4.040000e-09	1.640000e-09	
2.560000e+01	1.590000e-11	3.750000e-10	1.770000e-09	2.730000e-09	2.030000e-09	4.020000e-09	1.630000e-09	
2.570000e+01	1.560000e-11	3.690000e-10	1.740000e-09	2.690000e-09	2.000000e-09	3.950000e-09	1.600000e-09	
2.580000e+01	1.570000e-11	3.700000e-10	1.740000e-09	2.690000e-09	2.000000e-09	3.960000e-09	1.600000e-09	
2.590000e+01	1.660000e-11	3.920000e-10	1.850000e-09	2.850000e-09	2.120000e-09	4.200000e-09	1.700000e-09	
2.600000e+01	1.680000e-11	3.960000e-10	1.870000e-09	2.880000e-09	2.140000e-09	4.240000e-09	1.720000e-09	
2.610000e+01	1.690000e-11	3.990000e-10	1.880000e-09	2.900000e-09	2.160000e-09	4.270000e-09	1.730000e-09	
2.620000e+01	1.720000e-11	4.060000e-10	1.910000e-09	2.950000e-09	2.190000e-09	4.340000e-09	1.760000e-09	
2.630000e+01	1.750000e-11	4.140000e-10	1.950000e-09	3.010000e-09	2.240000e-09	4.430000e-09	1.800000e-09	
2.640000e+01	1.790000e-11	4.230000e-10	1.990000e-09	3.070000e-09	2.280000e-09	4.520000e-09	1.830000e-09	
2.650000e+01	1.730000e-11	4.090000e-10	1.930000e-09	2.970000e-09	2.210000e-09	4.380000e-09	1.770000e-09	
2.660000e+01	1.790000e-11	4.240000e-10	2.000000e-09	3.080000e-09	2.290000e-09	4.540000e-09	1.840000e-09	
2.670000e+01	1.850000e-11	4.370000e-10	2.060000e-09	3.170000e-09	2.360000e-09	4.670000e-09	1.900000e-09	
2.680000e+01	1.830000e-11	4.330000e-10	2.040000e-09	3.150000e-09	2.340000e-09	4.640000e-09	1.880000e-09	
2.690000e+01	1.820000e-11	4.300000e-10	2.030000e-09	3.130000e-09	2.330000e-09	4.600000e-09	1.870000e-09	
2.700000e+01	1.840000e-11	4.360000e-10	2.050000e-09	3.170000e-09	2.350000e-09	4.660000e-09	1.890000e-09	
2.710000e+01	1.900000e-11	4.500000e-10	2.120000e-09	3.270000e-09	2.430000e-09	4.810000e-09	1.950000e-09	
2.720000e+01	1.890000e-11	4.480000e-10	2.110000e-09	3.260000e-09	2.420000e-09	4.790000e-09	1.940000e-09	
2.730000e+01	1.940000e-11	4.600000e-10	2.160000e-09	3.340000e-09	2.480000e-09	4.920000e-09	1.990000e-09	
2.740000e+01	1.970000e-11	4.650000e-10	2.190000e-09	3.380000e-09	2.510000e-09	4.980000e-09	2.020000e-09	
2.750000e+01	1.990000e-11	4.690000e-10	2.210000e-09	3.410000e-09	2.540000e-09	5.020000e-09	2.040000e-09	
2.760000e+01	2.030000e-11	4.790000e-10	2.250000e-09	3.480000e-09	2.590000e-09	5.120000e-09	2.080000e-09	
2.770000e+01	2.050000e-11	4.840000e-10	2.280000e-09	3.510000e-09	2.610000e-09	5.180000e-09	2.100000e-09	
2.780000e+01	2.060000e-11	4.870000e-10	2.290000e-09	3.540000e-09	2.630000e-09	5.210000e-09	2.110000e-09	
2.790000e+01	2.020000e-11	4.790000e-10	2.250000e-09	3.480000e-09	2.580000e-09	5.120000e-09	2.070000e-09	
2.800000e+01	2.050000e-11	4.840000e-10	2.280000e-09	3.520000e-09	2.610000e-09	5.180000e-09	2.100000e-09	
2.810000e+01	2.120000e-11	5.020000e-10	2.360000e-09	3.650000e-09	2.710000e-09	5.370000e-09	2.180000e-09	
2.820000e+01	2.170000e-11	5.130000e-10	2.410000e-09	3.720000e-09	2.770000e-09	5.480000e-09	2.220000e-09	
2.830000e+01	2.190000e-11	5.180000e-10	2.440000e-09	3.760000e-09	2.790000e-09	5.540000e-09	2.240000e-09	
2.840000e+01	2.250000e-11	5.330000e-10	2.510000e-09	3.870000e-09	2.880000e-09	5.700000e-09	2.310000e-09	
2.850000e+01	2.210000e-11	5.240000e-10	2.460000e-09	3.800000e-09	2.830000e-09	5.600000e-09	2.270000e-09	
2.860000e+01	2.270000e-11	5.370000e-10	2.530000e-09	3.900000e-09	2.900000e-09	5.750000e-09	2.330000e-09	
2.870000e+01	2.280000e-11	5.390000e-10	2.540000e-09	3.910000e-09	2.910000e-09	5.760000e-09	2.340000e-09	
2.880000e+01	2.280000e-11	5.400000e-10	2.540000e-09	3.920000e-09	2.910000e-09	5.770000e-09	2.340000e-09	
2.890000e+01	2.320000e-11	5.490000e-10	2.590000e-09	3.990000e-09	2.960000e-09	5.870000e-09	2.380000e-09	
2.900000e+01	2.210000e-11	5.230000e-10	2.460000e-09	3.800000e-09	2.820000e-09	5.590000e-09	2.270000e-09	
2.910000e+01	2.360000e-11	5.580000e-10	2.620000e-09	4.050000e-09	3.010000e-09	5.960000e-09	2.420000e-09	
2.920000e+01	2.320000e-11	5.490000e-10	2.580000e-09	3.980000e-09	2.960000e-09	5.870000e-09	2.380000e-09	
2.930000e+01	2.400000e-11	5.690000e-10	2.670000e-09	4.130000e-09	3.070000e-09	6.080000e-09	2.470000e-09	
2.940000e+01	2.440000e-11	5.780000e-10	2.720000e-09	4.200000e-09	3.120000e-09	6.180000e-09	2.500000e-09	
2.950000e+01	2.510000e-11	5.950000e-10	2.800000e-09	4.320000e-09	3.210000e-09	6.360000e-09	2.580000e-09	
2.960000e+01	2.460000e-11	5.830000e-10	2.740000e-09	4.230000e-09	3.150000e-09	6.240000e-09	2.530000e-09	
2.970000e+01	2.480000e-11	5.860000e-10	2.760000e-09	4.260000e-09	3.160000e-09	6.270000e-09	2.540000e-09	
2.980000e+01	2.540000e-11	6.020000e-10	2.830000e-09	4.370000e-09	3.250000e-09	6.430000e-09	2.610000e-09	
2.990000e+01	2.550000e-11	6.030000e-10	2.830000e-09	4.370000e-09	3.250000e-09	6.440000e-09	2.610000e-09	
3.000000e+01	2.570000e-11	6.090000e-10	2.870000e-09	4.420000e-09	3.290000e-09	6.510000e-09	2.640000e-09	
3.100000e+01	2.760000e-11	6.530000e-10	3.070000e-09	4.740000e-09	3.530000e-09	6.980000e-09	2.830000e-09	
3.200000e+01	2.950000e-11	6.990000e-10	3.290000e-09	5.070000e-09	3.770000e-09	7.470000e-09	3.030000e-09	
3.300000e+01	3.140000e-11	7.440000e-10	3.500000e-09	5.400000e-09	4.010000e-09	7.950000e-09	3.220000e-09	
3.500000e+01	3.390000e-11	8.040000e-10	3.770000e-09	5.830000e-09	4.330000e-09	8.580000e-09	3.480000e-09	
4.000000e+01	3.920000e-11	9.300000e-10	4.360000e-09	6.740000e-09	5.000000e-09	9.920000e-09	4.020000e-09	
4.500000e+01	0.000000e+00	1.390000e-09	5.360000e-09	8.730000e-09	6.290000e-09	1.380000e-08	4.750000e-09	
5.000000e+01	0.000000e+00	2.620000e-09	6.660000e-09	1.260000e-08	8.370000e-09	2.290000e-08	5.260000e-09	
5.500000e+01	0.000000e+00	3.520000e-09	7.750000e-09	1.540000e-08	9.940000e-09	2.830000e-08	5.800000e-09	
6.000000e+01	6.110000e-11	5.550000e-09	9.660000e-09	2.010000e-08	1.210000e-08	3.170000e-08	6.920000e-09	
7.000000e+01	7.180000e-11	6.920000e-09	1.160000e-08	2.380000e-08	1.410000e-08	3.490000e-08	8.610000e-09	
8.000000e+01	8.190000e-11	8.190000e-09	1.350000e-08	2.770000e-08	1.630000e-08	4.020000e-08	9.950000e-09	
1.000000e+02	1.020000e-10	1.080000e-08	1.710000e-08	3.510000e-08	2.040000e-08	4.960000e-08	1.280000e-08	
1.200000e+02	1.220000e-10	1.320000e-08	2.080000e-08	4.270000e-08	2.470000e-08	6.030000e-08	1.550000e-08	
