12C 3.52e-03 4.94e-03 3.51e-03 4.94e-03 3.42e-03 4.74e-03
13C 1.07e-09 6.50e-08 1.07e-09 6.18e-08 7.16e-10 3.37e-07
14N 3.59e-07 3.81e-06 1.42e-06 3.67e-06 3.57e-05 5.32e-06
15N 5.76e-08 8.09e-09 6.03e-08 7.90e-09 1.50e-07 1.03e-08
16O 3.78e-03 9.17e-02 3.79e-03 9.15e-02 4.17e-03 9.31e-02
17O 3.34e-08 1.01e-06 3.49e-08 9.85e-07 7.45e-08 1.30e-06
18O 5.35e-08 1.55e-08 6.39e-08 1.49e-08 3.99e-07 2.23e-08
19F 4.24e-08 3.01e-10 4.46e-08 2.90e-10 1.17e-07 1.05e-09
20Ne 2.81e-03 3.43e-03 2.81e-03 3.43e-03 2.91e-03 3.02e-03
21Ne 3.60e-07 1.25e-06 3.64e-07 1.19e-06 4.97e-07 4.64e-06
22Ne 3.02e-07 2.56e-05 3.28e-07 2.47e-05 1.09e-06 2.05e-04
23Na 1.92e-05 3.40e-05 1.92e-05 3.34e-05 1.90e-05 9.11e-05
24Mg 3.12e-03 7.17e-03 3.12e-03 7.37e-03 3.23e-03 3.19e-03
25Mg 3.09e-05 5.32e-05 3.10e-05 5.22e-05 3.80e-05 2.06e-04
26Mg 4.71e-05 7.52e-05 4.70e-05 7.34e-05 4.58e-05 3.05e-04
27Al 1.14e-04 2.84e-04 1.14e-04 2.85e-04 1.15e-04 3.62e-04
28Si 5.76e-03 2.20e-01 5.77e-03 2.20e-01 5.88e-03 2.19e-01
29Si 8.69e-05 4.69e-04 8.65e-05 4.65e-04 8.20e-05 1.47e-03
30Si 8.52e-05 6.45e-04 8.51e-05 6.38e-04 8.51e-05 3.41e-03
31P 7.16e-05 3.37e-04 7.16e-05 3.32e-04 7.29e-05 9.23e-04
32S 2.74e-03 1.31e-01 2.74e-03 1.31e-01 2.88e-03 1.11e-01
33S 2.41e-05 2.67e-04 2.40e-05 2.64e-04 2.39e-05 5.13e-04
34S 1.29e-05 1.54e-03 1.29e-05 1.50e-03 1.36e-05 7.20e-03
36S 1.15e-09 3.94e-08 3.30e-09 4.32e-08 2.87e-08 3.40e-06
35Cl 3.86e-05 9.08e-05 3.88e-05 8.84e-05 4.64e-05 2.36e-04
37Cl 3.00e-06 2.14e-05 3.00e-06 2.10e-05 3.15e-06 4.22e-05
36Ar 1.10e-03 2.44e-02 1.11e-03 2.44e-02 1.21e-03 1.80e-02
38Ar 3.39e-06 6.85e-04 3.43e-06 6.64e-04 5.14e-06 3.17e-03
40Ar 4.34e-10 3.89e-09 3.34e-09 6.44e-09 2.66e-08 3.48e-07
39K 6.89e-05 5.42e-05 6.96e-05 5.30e-05 9.54e-05 1.22e-04
41K 1.04e-05 3.82e-06 1.03e-05 3.75e-06 1.10e-05 6.80e-06
40Ca 3.95e-03 2.23e-02 3.95e-03 2.23e-02 4.07e-03 1.59e-02
42Ca 3.92e-06 1.75e-05 4.00e-06 1.68e-05 7.15e-06 7.50e-05
43Ca 8.68e-06 6.57e-08 8.78e-06 6.51e-08 1.39e-05 3.38e-07
44Ca 7.50e-04 1.58e-05 7.47e-04 1.58e-05 6.50e-04 1.19e-05
46Ca 1.20e-10 1.74e-10 1.15e-09 1.54e-09 1.01e-08 1.64e-07
48Ca 2.09e-11 1.32e-11 1.99e-10 1.25e-10 3.60e-09 1.48e-08
45Sc 4.60e-06 1.92e-07 4.63e-06 1.91e-07 5.30e-06 5.30e-07
46Ti 2.23e-06 6.73e-06 2.25e-06 6.51e-06 3.17e-06 2.53e-05
47Ti 4.07e-05 3.13e-07 4.07e-05 3.08e-07 4.13e-05 1.38e-06
48Ti 1.26e-04 4.29e-04 1.24e-04 4.30e-04 7.52e-05 3.02e-04
49Ti 3.70e-06 2.34e-05 3.69e-06 2.32e-05 3.17e-06 3.39e-05
50Ti 1.07e-10 7.98e-10 1.09e-09 1.98e-09 3.77e-08 3.97e-07
50V 3.04e-10 2.57e-09 3.74e-10 3.13e-09 4.33e-09 1.08e-07
51V 5.48e-06 5.72e-05 5.42e-06 5.67e-05 3.74e-06 1.19e-04
50Cr 1.37e-06 1.41e-04 1.37e-06 1.38e-04 1.34e-06 7.01e-04
52Cr 5.26e-06 9.50e-03 5.17e-06 9.51e-03 3.14e-06 7.45e-03
53Cr 4.67e-07 6.72e-04 4.65e-07 6.67e-04 4.37e-07 1.18e-03
54Cr 3.18e-10 2.14e-08 2.99e-09 2.24e-08 1.25e-07 1.01e-06
55Mn 2.61e-07 3.37e-03 2.76e-07 3.34e-03 9.72e-07 7.50e-03
54Fe 1.53e-07 1.55e-02 1.88e-07 1.52e-02 1.45e-06 6.63e-02
56Fe 8.12e-07 3.43e-01 1.38e-06 3.43e-01 2.62e-05 2.95e-01
57Fe 1.09e-07 4.05e-03 2.14e-07 4.02e-03 7.64e-06 7.28e-03
58Fe 1.13e-08 2.32e-08 1.23e-07 1.19e-07 8.69e-06 4.88e-06
59Co 4.38e-08 5.84e-05 3.01e-07 5.81e-05 1.19e-05 9.69e-05
58Ni 4.99e-08 3.78e-03 2.37e-07 3.71e-03 1.28e-05 1.77e-02
60Ni 1.35e-07 1.04e-03 7.78e-07 1.05e-03 9.88e-06 5.98e-04
61Ni 3.92e-08 3.14e-05 2.69e-07 3.16e-05 2.54e-06 4.02e-05
62Ni 5.63e-08 1.84e-04 4.65e-07 1.83e-04 3.87e-06 4.98e-04
64Ni 1.54e-09 7.28e-09 1.57e-08 7.06e-08 2.79e-07 6.07e-06
63Cu 8.89e-09 8.71e-08 7.59e-08 3.12e-07 8.26e-07 5.90e-06
64Zn 1.85e-08 2.15e-06 4.00e-08 2.54e-06 2.35e-07 1.79e-06
66Zn 6.70e-09 2.45e-06 4.80e-08 3.34e-06 2.77e-07 1.49e-05
67Zn 1.15e-09 2.93e-09 9.15e-09 1.83e-08 4.25e-08 8.87e-07
68Zn 1.10e-09 5.97e-09 8.89e-09 5.40e-08 5.31e-08 1.88e-06
70Zn 8.56e-12 5.68e-11 9.59e-11 5.51e-10 9.23e-09 3.93e-08
69Ga 1.03e-10 3.47e-09 9.17e-10 3.39e-08 1.85e-08 3.09e-07
71Ga 6.12e-11 4.95e-10 6.04e-10 4.74e-09 1.09e-08 1.23e-07
