# Units are Msun
# M_init	fe52	fe53	fe54	fe55	fe56	fe57	fe58	fe59	fe60	fe61
8	0	0	0	0	0	0	0	0	0	0	
13	1.09e-3	1.13e-14	8.02e-3	1.91e-4	1.22e-2	4.56e-4	3.88e-4	2.64e-5	1.09e-5	1.57e-16
15	1.49e-3	4.38e-15	9.80e-3	2.30e-4	1.38e-2	5.62e-4	5.96e-4	6.14e-5	5.75e-5	7.71e-17
20	1.45e-3	9.14e-17	1.32e-2	2.99e-4	1.81e-2	9.94e-4	1.46e-3	1.04e-4	4.06e-5	1.38e-20
25	2.21e-3	1.95e-13	2.11e-2	4.17e-4	2.21e-2	1.09e-3	1.93e-3	7.85e-5	2.45e-5	1.08e-16
30	1.75e-3	7.43e-16	2.14e-2	4.60e-4	2.52e-2	1.39e-3	3.02e-3	2.56e-4	8.08e-5	6.13e-20
40	1.66e-3	9.19e-17	1.80e-2	4.03e-4	3.44e-2	1.86e-3	4.21e-3	4.25e-4	2.18e-4	4.55e-19
60	3.17e-3	9.37e-13	2.52e-2	5.18e-4	5.48e-2	2.87e-3	5.74e-3	6.74e-4	2.49e-4	1.97e-19
80	4.02e-3	1.63e-12	3.42e-2	6.42e-4	7.57e-2	3.74e-3	6.98e-3	6.86e-4	3.20e-4	4.17e-16
120	3.72e-3	2.21e-12	4.09e-2	6.68e-4	1.23e-1	4.85e-3	7.32e-3	8.21e-4	4.46e-4	8.55e-19


