  9.0000e+00 	  1.0000e+00 	  0.0000e+00 	 -4.9500e-01 	  4.5688e-35 
  9.0000e+00 	  1.0000e+00 	  0.0000e+00 	 -4.8500e-01 	  8.9464e-34 
  9.0000e+00 	  1.0000e+00 	  0.0000e+00 	 -4.7500e-01 	  1.6596e-32 
  9.0000e+00 	  1.0000e+00 	  0.0000e+00 	 -4.6500e-01 	  2.9166e-31 
  9.0000e+00 	  1.0000e+00 	  0.0000e+00 	 -4.5500e-01 	  4.8557e-30 
  9.0000e+00 	  1.0000e+00 	  0.0000e+00 	 -4.4500e-01 	  7.6585e-29 
  9.0000e+00 	  1.0000e+00 	  0.0000e+00 	 -4.3500e-01 	  1.1443e-27 
  9.0000e+00 	  1.0000e+00 	  0.0000e+00 	 -4.2500e-01 	  1.6198e-26 
  9.0000e+00 	  1.0000e+00 	  0.0000e+00 	 -4.1500e-01 	  2.1722e-25 
  9.0000e+00 	  1.0000e+00 	  0.0000e+00 	 -4.0500e-01 	  2.7595e-24 
  9.0000e+00 	  1.0000e+00 	  0.0000e+00 	 -3.9500e-01 	  3.3211e-23 
  9.0000e+00 	  1.0000e+00 	  0.0000e+00 	 -3.8500e-01 	  3.7866e-22 
  9.0000e+00 	  1.0000e+00 	  0.0000e+00 	 -3.7500e-01 	  4.0900e-21 
  9.0000e+00 	  1.0000e+00 	  0.0000e+00 	 -3.6500e-01 	  4.1851e-20 
  9.0000e+00 	  1.0000e+00 	  0.0000e+00 	 -3.5500e-01 	  4.0570e-19 
  9.0000e+00 	  1.0000e+00 	  0.0000e+00 	 -3.4500e-01 	  3.7258e-18 
  9.0000e+00 	  1.0000e+00 	  0.0000e+00 	 -3.3500e-01 	  3.2415e-17 
  9.0000e+00 	  1.0000e+00 	  0.0000e+00 	 -3.2500e-01 	  2.6716e-16 
  9.0000e+00 	  1.0000e+00 	  0.0000e+00 	 -3.1500e-01 	  2.0860e-15 
  9.0000e+00 	  1.0000e+00 	  0.0000e+00 	 -3.0500e-01 	  1.5431e-14 
  9.0000e+00 	  1.0000e+00 	  0.0000e+00 	 -2.9500e-01 	  1.0813e-13 
  9.0000e+00 	  1.0000e+00 	  0.0000e+00 	 -2.8500e-01 	  7.1785e-13 
  9.0000e+00 	  1.0000e+00 	  0.0000e+00 	 -2.7500e-01 	  4.5147e-12 
  9.0000e+00 	  1.0000e+00 	  0.0000e+00 	 -2.6500e-01 	  2.6899e-11 
  9.0000e+00 	  1.0000e+00 	  0.0000e+00 	 -2.5500e-01 	  1.5183e-10 
  9.0000e+00 	  1.0000e+00 	  0.0000e+00 	 -2.4500e-01 	  8.1192e-10 
  9.0000e+00 	  1.0000e+00 	  0.0000e+00 	 -2.3500e-01 	  4.1133e-09 
  9.0000e+00 	  1.0000e+00 	  0.0000e+00 	 -2.2500e-01 	  1.9743e-08 
  9.0000e+00 	  1.0000e+00 	  0.0000e+00 	 -2.1500e-01 	  8.9785e-08 
  9.0000e+00 	  1.0000e+00 	  0.0000e+00 	 -2.0500e-01 	  3.8692e-07 
  9.0000e+00 	  1.0000e+00 	  0.0000e+00 	 -1.9500e-01 	  1.5803e-06 
  9.0000e+00 	  1.0000e+00 	  0.0000e+00 	 -1.8500e-01 	  6.1192e-06 
  9.0000e+00 	  1.0000e+00 	  0.0000e+00 	 -1.7500e-01 	  2.2475e-05 
  9.0000e+00 	  1.0000e+00 	  0.0000e+00 	 -1.6500e-01 	  7.8351e-05 
  9.0000e+00 	  1.0000e+00 	  0.0000e+00 	 -1.5500e-01 	  2.5953e-04 
  9.0000e+00 	  1.0000e+00 	  0.0000e+00 	 -1.4500e-01 	  8.1792e-04 
  9.0000e+00 	  1.0000e+00 	  0.0000e+00 	 -1.3500e-01 	  2.4567e-03 
  9.0000e+00 	  1.0000e+00 	  0.0000e+00 	 -1.2500e-01 	  7.0458e-03 
  9.0000e+00 	  1.0000e+00 	  0.0000e+00 	 -1.1500e-01 	  1.9334e-02 
  9.0000e+00 	  1.0000e+00 	  0.0000e+00 	 -1.0500e-01 	  5.0848e-02 
  9.0000e+00 	  1.0000e+00 	  0.0000e+00 	 -9.5000e-02 	  1.2829e-01 
  9.0000e+00 	  1.0000e+00 	  0.0000e+00 	 -8.5000e-02 	  3.1061e-01 
  9.0000e+00 	  1.0000e+00 	  0.0000e+00 	 -7.5000e-02 	  7.2159e-01 
  9.0000e+00 	  1.0000e+00 	  0.0000e+00 	 -6.5000e-02 	  1.6127e+00 
  9.0000e+00 	  1.0000e+00 	  0.0000e+00 	 -5.5000e-02 	  3.5071e+00 
  9.0000e+00 	  1.0000e+00 	  0.0000e+00 	 -4.5000e-02 	  7.6322e+00 
  9.0000e+00 	  1.0000e+00 	  0.0000e+00 	 -3.5000e-02 	  1.7264e+01 
  9.0000e+00 	  1.0000e+00 	  0.0000e+00 	 -2.5000e-02 	  4.0954e+01 
  9.0000e+00 	  1.0000e+00 	  0.0000e+00 	 -1.5000e-02 	  9.6298e+01 
  9.0000e+00 	  1.0000e+00 	  0.0000e+00 	 -5.0000e-03 	  2.0423e+02 
  9.0000e+00 	  1.0000e+00 	  0.0000e+00 	  5.0000e-03 	  3.6036e+02 
  9.0000e+00 	  1.0000e+00 	  0.0000e+00 	  1.5000e-02 	  5.0477e+02 
  9.0000e+00 	  1.0000e+00 	  0.0000e+00 	  2.5000e-02 	  5.5384e+02 
  9.0000e+00 	  1.0000e+00 	  0.0000e+00 	  3.5000e-02 	  4.8671e+02 
  9.0000e+00 	  1.0000e+00 	  0.0000e+00 	  4.5000e-02 	  3.6680e+02 
  9.0000e+00 	  1.0000e+00 	  0.0000e+00 	  5.5000e-02 	  2.6522e+02 
  9.0000e+00 	  1.0000e+00 	  0.0000e+00 	  6.5000e-02 	  2.0191e+02 
  9.0000e+00 	  1.0000e+00 	  0.0000e+00 	  7.5000e-02 	  1.6190e+02 
  9.0000e+00 	  1.0000e+00 	  0.0000e+00 	  8.5000e-02 	  1.2963e+02 
  9.0000e+00 	  1.0000e+00 	  0.0000e+00 	  9.5000e-02 	  9.9769e+01 
  9.0000e+00 	  1.0000e+00 	  0.0000e+00 	  1.0500e-01 	  7.2835e+01 
  9.0000e+00 	  1.0000e+00 	  0.0000e+00 	  1.1500e-01 	  5.0386e+01 
  9.0000e+00 	  1.0000e+00 	  0.0000e+00 	  1.2500e-01 	  3.3126e+01 
  9.0000e+00 	  1.0000e+00 	  0.0000e+00 	  1.3500e-01 	  2.0774e+01 
  9.0000e+00 	  1.0000e+00 	  0.0000e+00 	  1.4500e-01 	  1.2465e+01 
  9.0000e+00 	  1.0000e+00 	  0.0000e+00 	  1.5500e-01 	  7.1705e+00 
  9.0000e+00 	  1.0000e+00 	  0.0000e+00 	  1.6500e-01 	  3.9575e+00 
  9.0000e+00 	  1.0000e+00 	  0.0000e+00 	  1.7500e-01 	  2.0946e+00 
  9.0000e+00 	  1.0000e+00 	  0.0000e+00 	  1.8500e-01 	  1.0616e+00 
  9.0000e+00 	  1.0000e+00 	  0.0000e+00 	  1.9500e-01 	  5.1429e-01 
  9.0000e+00 	  1.0000e+00 	  0.0000e+00 	  2.0500e-01 	  2.3766e-01 
  9.0000e+00 	  1.0000e+00 	  0.0000e+00 	  2.1500e-01 	  1.0457e-01 
  9.0000e+00 	  1.0000e+00 	  0.0000e+00 	  2.2500e-01 	  4.3744e-02 
  9.0000e+00 	  1.0000e+00 	  0.0000e+00 	  2.3500e-01 	  1.7377e-02 
  9.0000e+00 	  1.0000e+00 	  0.0000e+00 	  2.4500e-01 	  6.5495e-03 
  9.0000e+00 	  1.0000e+00 	  0.0000e+00 	  2.5500e-01 	  2.3408e-03 
  9.0000e+00 	  1.0000e+00 	  0.0000e+00 	  2.6500e-01 	  7.9304e-04 
  9.0000e+00 	  1.0000e+00 	  0.0000e+00 	  2.7500e-01 	  2.5461e-04 
  9.0000e+00 	  1.0000e+00 	  0.0000e+00 	  2.8500e-01 	  7.7454e-05 
  9.0000e+00 	  1.0000e+00 	  0.0000e+00 	  2.9500e-01 	  2.2324e-05 
  9.0000e+00 	  1.0000e+00 	  0.0000e+00 	  3.0500e-01 	  6.0959e-06 
  9.0000e+00 	  1.0000e+00 	  0.0000e+00 	  3.1500e-01 	  1.5770e-06 
  9.0000e+00 	  1.0000e+00 	  0.0000e+00 	  3.2500e-01 	  3.8648e-07 
  9.0000e+00 	  1.0000e+00 	  0.0000e+00 	  3.3500e-01 	  8.9732e-08 
  9.0000e+00 	  1.0000e+00 	  0.0000e+00 	  3.4500e-01 	  1.9737e-08 
  9.0000e+00 	  1.0000e+00 	  0.0000e+00 	  3.5500e-01 	  4.1127e-09 
  9.0000e+00 	  1.0000e+00 	  0.0000e+00 	  3.6500e-01 	  8.1187e-10 
  9.0000e+00 	  1.0000e+00 	  0.0000e+00 	  3.7500e-01 	  1.5183e-10 
  9.0000e+00 	  1.0000e+00 	  0.0000e+00 	  3.8500e-01 	  2.6899e-11 
  9.0000e+00 	  1.0000e+00 	  0.0000e+00 	  3.9500e-01 	  4.5147e-12 
  9.0000e+00 	  1.0000e+00 	  0.0000e+00 	  4.0500e-01 	  7.1785e-13 
  9.0000e+00 	  1.0000e+00 	  0.0000e+00 	  4.1500e-01 	  1.0813e-13 
  9.0000e+00 	  1.0000e+00 	  0.0000e+00 	  4.2500e-01 	  1.5431e-14 
  9.0000e+00 	  1.0000e+00 	  0.0000e+00 	  4.3500e-01 	  2.0860e-15 
  9.0000e+00 	  1.0000e+00 	  0.0000e+00 	  4.4500e-01 	  2.6716e-16 
  9.0000e+00 	  1.0000e+00 	  0.0000e+00 	  4.5500e-01 	  3.2415e-17 
  9.0000e+00 	  1.0000e+00 	  0.0000e+00 	  4.6500e-01 	  3.7258e-18 
  9.0000e+00 	  1.0000e+00 	  0.0000e+00 	  4.7500e-01 	  4.0570e-19 
  9.0000e+00 	  1.0000e+00 	  0.0000e+00 	  4.8500e-01 	  4.1851e-20 
  9.0000e+00 	  1.0000e+00 	  0.0000e+00 	  4.9500e-01 	  4.0900e-21 
