# Units are Msun
# M_init	ca40	ca42	ca43	ca44	ca46	ca48	
8	0	0	0	0	0	0	
10	0.000000e+00	0.000000e+00	0.000000e+00	0.000000e+00	0.000000e+00	0.000000e+00	
13	3.913400e-03	4.155400e-06	3.408900e-07	2.067700e-05	7.366600e-08	3.219800e-07	
15	3.080500e-03	9.591900e-06	3.602300e-07	2.301100e-05	1.180700e-07	4.023400e-07	
18	1.999700e-02	9.756400e-06	3.802500e-07	1.057600e-05	7.785700e-08	4.014100e-07	
20	6.495400e-03	7.307900e-06	5.232000e-07	2.088300e-05	1.098200e-07	5.017800e-07	
25	3.769900e-03	6.003900e-06	7.946300e-07	2.650800e-05	1.275200e-07	6.188400e-07	
30	2.587600e-02	2.652600e-05	9.885100e-07	1.514700e-05	1.970000e-07	6.477300e-07	
40	2.825500e-02	2.984200e-05	1.425700e-06	1.879800e-05	3.237500e-07	7.801100e-07	
