# Units are Msun
# M_init	fe54	fe56	fe57	fe58	
8	0	0	0	0	
10	0.000000e+00	0.000000e+00	0.000000e+00	0.000000e+00	
13	1.243100e-03	7.259000e-02	1.049100e-03	4.774100e-05	
15	1.228200e-03	7.299200e-02	1.132900e-03	4.892000e-05	
18	5.044100e-03	7.321200e-02	6.269300e-04	7.517600e-05	
20	2.369600e-03	7.396700e-02	1.222300e-03	9.171000e-05	
25	1.409700e-03	7.467300e-02	1.052400e-03	1.847500e-04	
30	7.089100e-03	7.455100e-02	7.146500e-04	2.894300e-04	
40	9.386400e-03	7.473900e-02	7.309100e-04	4.337800e-04	
