# Units are Msun
# M_init	ti46	ti47	ti48	ti49	ti50	
8	0	0	0	0	0	
10	0.000000e+00	0.000000e+00	0.000000e+00	0.000000e+00	0.000000e+00	
13	5.156200e-06	5.400400e-06	8.174200e-05	3.490700e-06	5.847200e-07	
15	6.094700e-06	3.403200e-06	7.411900e-05	2.807000e-06	5.606700e-07	
18	4.125400e-06	7.579100e-07	2.487000e-04	1.233200e-05	1.035900e-06	
20	3.535700e-06	1.335000e-06	1.139500e-04	5.194600e-06	1.075300e-06	
25	5.143600e-06	6.459000e-06	8.941100e-05	4.087000e-06	2.251700e-06	
30	1.222300e-05	1.456600e-06	2.333200e-04	1.356400e-05	4.103200e-06	
40	1.396300e-05	2.043500e-06	2.684600e-04	1.719400e-05	7.700500e-06	
