# Units are Msun
# M_init	ca40	ca42	ca43	ca44	ca46	ca48	
8	0	0	0	0	0	0	
10	0.000000e+00	0.000000e+00	0.000000e+00	0.000000e+00	0.000000e+00	0.000000e+00	
13	4.728900e-03	6.622500e-06	4.150900e-07	2.480400e-05	6.653500e-08	3.164300e-07	
15	1.725300e-03	4.053800e-07	3.354400e-07	2.071200e-05	1.411200e-08	9.664200e-08	
18	8.060900e-03	1.349800e-05	2.446000e-07	1.868600e-05	2.545600e-08	1.220400e-07	
20	9.200300e-03	2.794000e-06	1.907300e-07	4.880200e-06	3.349400e-08	1.245500e-07	
25	7.937100e-03	2.487200e-06	2.896000e-07	7.960800e-06	3.017800e-08	1.565300e-07	
30	1.173800e-02	4.635100e-06	3.554500e-07	6.442400e-06	7.095000e-08	1.858700e-07	
40	3.660200e-02	2.293500e-05	2.813500e-07	1.103200e-05	1.223100e-07	2.170000e-07	
