# Units are Msun
# M_init	cr50	cr52	cr53	cr54	
8	0	0	0	0	
10	0.000000e+00	0.000000e+00	0.000000e+00	0.000000e+00	
13	2.104100e-05	1.204200e-03	7.425800e-05	1.869400e-06	
15	1.325900e-05	3.033200e-04	2.815100e-05	4.801100e-07	
18	2.987000e-05	1.518900e-03	9.064600e-05	5.960200e-07	
20	2.373400e-05	2.221500e-03	1.371400e-04	1.406000e-06	
25	2.748100e-05	2.183400e-03	1.114400e-04	2.184900e-06	
30	3.511900e-05	2.921400e-03	1.768300e-04	2.743100e-06	
40	1.349000e-04	3.940500e-03	2.562300e-04	2.841700e-06	
