# Units are Msun
# M_init	ni58	ni60	ni61	ni62	ni64	
8	0	0	0	0	0	
10	0.000000e+00	0.000000e+00	0.000000e+00	0.000000e+00	0.000000e+00	
13	5.094200e-04	1.620600e-03	5.052600e-05	1.013700e-04	1.618200e-05	
15	9.106000e-04	2.569700e-03	6.915300e-05	1.872400e-04	1.831600e-06	
18	1.759900e-03	1.169700e-03	4.630300e-05	2.971500e-04	2.298400e-06	
20	3.542800e-04	2.953900e-04	1.218300e-05	2.535000e-05	2.373100e-05	
25	2.511900e-04	6.573500e-05	1.573500e-05	3.706500e-05	4.316900e-05	
30	3.787100e-04	1.940800e-04	2.103700e-05	5.151700e-05	6.463000e-05	
40	7.803700e-04	1.014200e-04	2.056300e-05	7.601200e-05	7.832200e-05	
