# Units are Msun
# M_init	ge70	ge72	ge73	ge74	
8	0	0	0	0	
10	0.000000e+00	0.000000e+00	0.000000e+00	0.000000e+00	
13	3.509900e-06	6.072800e-06	1.703400e-06	1.970300e-05	
15	6.319600e-06	1.690600e-05	2.874800e-06	9.265500e-05	
18	5.669000e-05	8.670600e-05	1.939300e-05	2.799300e-04	
20	8.244200e-05	1.446300e-04	3.403200e-05	4.470400e-04	
25	1.402500e-04	2.523700e-04	5.903400e-05	7.457000e-04	
30	1.195300e-04	4.322200e-04	3.611500e-05	4.156100e-03	
40	6.514600e-04	1.168100e-03	2.727300e-04	5.207700e-03	
