#   col   Z       t [s]     A   elem     13Msun   15Msun    20Msun      25 Msun   30Msun      35 Msun
    1    0e+00   0.0e+00    0  ejec   1.18e+01   1.35e+01   1.83e+01   2.34e+01   2.79e+01   3.30e+01
    2    0e+00   0.0e+00    0  remn   1.21e+00   1.47e+00   1.67e+00   1.60e+00   2.07e+00   2.03e+00
    3    0e+00   0.0e+00   56  Ni     9.13e-02   1.00e-01   1.00e-01   1.00e-01   1.00e-01   1.00e-01
    4    0e+00   0.0e+00    1  H      6.86e+00   7.77e+00   9.74e+00   1.16e+01   1.32e+01   1.47e+01
    5    0e+00   0.0e+00    2  H      6.55e-17   5.95e-17   6.34e-17   1.77e-16   9.76e-16   3.05e-16
    6    0e+00   0.0e+00    3  He     3.07e-05   3.01e-05   2.90e-05   2.77e-05   2.72e-05   2.71e-05
    7    0e+00   0.0e+00    4  He     4.05e+00   4.65e+00   6.26e+00   7.78e+00   9.33e+00   1.07e+01
    8    0e+00   0.0e+00    6  Li     5.22e-19   1.16e-18   3.20e-18   1.88e-16   6.86e-16   1.73e-16
    9    0e+00   0.0e+00    7  Li     4.15e-11   1.19e-10   2.16e-10   2.40e-10   2.60e-10   2.42e-10
   10    0e+00   0.0e+00    9  Be     1.15e-59   1.33e-59   1.80e-59   4.11e-30   5.25e-29   2.89e-30
   11    0e+00   0.0e+00   10  B      4.65e-18   1.06e-17   6.22e-17   2.16e-15   6.79e-15   1.59e-14
   12    0e+00   0.0e+00   11  B      9.11e-16   1.55e-15   3.01e-15   3.85e-13   1.29e-12   2.02e-12
   13    0e+00   0.0e+00   12  C      7.87e-02   1.39e-01   3.35e-01   4.01e-01   7.16e-01   7.48e-01
   14    0e+00   0.0e+00   13  C      3.66e-09   5.10e-10   2.31e-08   8.30e-03   9.15e-03   1.55e-04
   15    0e+00   0.0e+00   14  N      3.71e-08   2.95e-07   2.05e-06   5.26e-02   6.95e-02   1.17e-04
   16    0e+00   0.0e+00   15  N      1.10e-09   9.77e-10   3.24e-09   4.32e-06   4.51e-06   1.29e-07
   17    0e+00   0.0e+00   16  O      1.60e-01   3.46e-01   1.00e+00   2.03e+00   3.04e+00   4.39e+00
   18    0e+00   0.0e+00   17  O      4.35e-09   2.14e-08   1.70e-07   1.58e-04   1.99e-04   5.07e-05
   19    0e+00   0.0e+00   18  O      6.83e-09   8.80e-09   2.52e-08   7.55e-05   8.47e-05   2.24e-06
   20    0e+00   0.0e+00   19  F      4.64e-11   7.00e-11   2.47e-10   4.14e-07   7.62e-07   1.90e-07
   21    0e+00   0.0e+00   20  Ne     3.08e-02   1.15e-01   2.22e-01   6.73e-01   3.43e-01   1.08e+00
   22    0e+00   0.0e+00   21  Ne     1.19e-06   3.31e-06   1.46e-05   6.30e-05   4.70e-05   4.69e-05
   23    0e+00   0.0e+00   22  Ne     2.97e-07   1.46e-06   6.28e-06   6.15e-05   8.76e-05   3.74e-05
   24    0e+00   0.0e+00   23  Na     1.51e-04   5.79e-04   1.32e-03   4.00e-03   1.85e-03   3.31e-03
   25    0e+00   0.0e+00   24  Mg     2.85e-02   4.98e-02   1.02e-01   1.36e-01   1.71e-01   2.09e-01
   26    0e+00   0.0e+00   25  Mg     7.56e-05   8.97e-05   2.92e-04   5.17e-04   3.51e-04   2.61e-04
   27    0e+00   0.0e+00   26  Mg     1.22e-04   1.96e-04   4.73e-04   7.40e-04   4.68e-04   4.61e-04
   28    0e+00   0.0e+00   27  Al     4.07e-04   8.66e-04   1.50e-03   2.20e-03   1.47e-03   2.01e-03
   29    0e+00   0.0e+00   28  Si     4.63e-02   5.30e-02   1.38e-01   1.15e-01   2.78e-01   1.90e-01
   30    0e+00   0.0e+00   29  Si     2.72e-04   2.57e-04   7.41e-04   5.13e-04   1.17e-03   5.38e-04
   31    0e+00   0.0e+00   30  Si     2.55e-04   1.84e-04   5.05e-04   2.81e-04   5.63e-04   1.78e-04
   32    0e+00   0.0e+00   31  P      1.02e-04   9.72e-05   2.30e-04   1.46e-04   3.10e-04   1.25e-04
   33    0e+00   0.0e+00   32  S      1.98e-02   2.15e-02   6.13e-02   5.27e-02   1.30e-01   9.18e-02
   34    0e+00   0.0e+00   33  S      4.73e-05   5.04e-05   1.29e-04   9.38e-05   2.28e-04   1.12e-04
   35    0e+00   0.0e+00   34  S      2.93e-04   1.94e-04   5.49e-04   2.62e-04   6.10e-04   1.53e-04
   36    0e+00   0.0e+00   36  S      8.74e-09   2.04e-09   9.52e-09   2.72e-09   5.24e-09   4.23e-10
   37    0e+00   0.0e+00   35  Cl     2.26e-05   2.61e-05   4.35e-05   3.39e-05   7.01e-05   2.74e-05
   38    0e+00   0.0e+00   37  Cl     2.44e-06   2.66e-06   7.10e-06   5.91e-06   1.37e-05   8.82e-06
   39    0e+00   0.0e+00   36  Ar     3.88e-03   4.12e-03   1.18e-02   1.05e-02   2.56e-02   1.87e-02
   40    0e+00   0.0e+00   38  Ar     6.26e-05   4.52e-05   1.22e-04   6.15e-05   1.54e-04   7.11e-05
   41    0e+00   0.0e+00   40  Ar     2.24e-09   5.25e-11   2.02e-10   5.16e-11   8.51e-11   8.81e-12
   42    0e+00   0.0e+00   39  K      1.42e-05   2.13e-05   1.95e-05   1.87e-05   2.55e-05   1.44e-05
   43    0e+00   0.0e+00   40  K      6.86e-09   2.58e-09   6.24e-09   3.13e-09   6.41e-09   1.60e-09
   44    0e+00   0.0e+00   41  K      6.88e-07   7.79e-07   1.54e-06   1.47e-06   3.06e-06   2.07e-06
   45    0e+00   0.0e+00   40  Ca     3.74e-03   3.83e-03   1.07e-02   9.82e-03   2.31e-02   1.70e-02
   46    0e+00   0.0e+00   42  Ca     9.50e-06   1.13e-06   2.13e-06   1.34e-06   2.73e-06   1.54e-06
   47    0e+00   0.0e+00   43  Ca     1.81e-06   3.77e-07   1.14e-07   9.92e-08   4.37e-09   1.56e-09
   48    0e+00   0.0e+00   44  Ca     6.94e-05   5.94e-05   3.00e-05   5.73e-05   1.18e-05   1.03e-05
   49    0e+00   0.0e+00   46  Ca     4.62e-13   5.52e-14   3.32e-13   5.74e-14   1.94e-13   3.96e-15
   50    0e+00   0.0e+00   48  Ca     1.29e-18   4.04e-19   4.38e-19   3.70e-16   6.58e-14   2.13e-19
   51    0e+00   0.0e+00   45  Sc     1.28e-06   5.50e-08   7.93e-08   8.40e-08   1.63e-07   1.05e-07
   52    0e+00   0.0e+00   46  Ti     5.97e-06   1.24e-06   1.36e-06   1.09e-06   1.55e-06   1.02e-06
   53    0e+00   0.0e+00   47  Ti     6.11e-06   9.57e-07   3.60e-07   4.52e-07   5.33e-08   4.13e-08
   54    0e+00   0.0e+00   48  Ti     1.99e-04   1.70e-04   1.85e-04   2.11e-04   2.27e-04   1.94e-04
   55    0e+00   0.0e+00   49  Ti     5.87e-06   2.81e-06   5.52e-06   5.40e-06   9.81e-06   8.86e-06
   56    0e+00   0.0e+00   50  Ti     4.83e-12   1.66e-12   4.40e-12   1.02e-12   2.13e-12   1.89e-13
   57    0e+00   0.0e+00   50  V      4.79e-10   1.21e-11   3.07e-11   9.79e-12   2.34e-11   6.60e-12
   58    0e+00   0.0e+00   51  V      1.26e-05   5.32e-06   6.70e-06   9.42e-06   1.30e-05   1.06e-05
   59    0e+00   0.0e+00   50  Cr     1.62e-05   8.49e-06   1.00e-05   1.35e-05   1.90e-05   1.35e-05
   60    0e+00   0.0e+00   52  Cr     1.13e-03   9.22e-04   2.32e-03   1.89e-03   4.00e-03   3.43e-03
   61    0e+00   0.0e+00   53  Cr     7.63e-05   6.52e-05   1.24e-04   1.22e-04   2.22e-04   2.00e-04
   62    0e+00   0.0e+00   54  Cr     1.37e-09   1.23e-10   3.35e-10   1.62e-10   3.75e-10   2.15e-10
   63    0e+00   0.0e+00   55  Mn     3.16e-04   3.02e-04   3.54e-04   5.11e-04   7.06e-04   5.89e-04
   64    0e+00   0.0e+00   54  Fe     1.17e-03   1.06e-03   1.03e-03   1.61e-03   2.18e-03   1.59e-03
   65    0e+00   0.0e+00   56  Fe     9.12e-02   1.00e-01   1.00e-01   1.00e-01   1.00e-01   1.00e-01
   66    0e+00   0.0e+00   57  Fe     3.72e-03   3.43e-03   1.98e-03   2.41e-03   8.51e-04   1.07e-03
   67    0e+00   0.0e+00   58  Fe     4.02e-08   5.51e-11   1.24e-10   8.14e-11   2.00e-10   1.34e-10
   68    0e+00   0.0e+00   59  Co     2.74e-03   2.14e-04   8.04e-05   8.58e-05   4.26e-06   7.58e-06
   69    0e+00   0.0e+00   58  Ni     1.27e-01   3.03e-03   1.31e-03   6.56e-04   3.34e-04   3.24e-04
   70    0e+00   0.0e+00   60  Ni     1.67e-02   2.87e-03   1.47e-03   2.36e-03   1.37e-04   3.06e-04
   71    0e+00   0.0e+00   61  Ni     1.41e-03   1.53e-04   6.55e-05   9.64e-05   2.50e-06   6.29e-06
   72    0e+00   0.0e+00   62  Ni     1.79e-02   8.48e-04   3.01e-04   3.31e-04   3.77e-06   7.66e-06
   73    0e+00   0.0e+00   64  Ni     5.81e-09   2.16e-16   1.40e-18   4.30e-16   2.32e-15   2.12e-15
   74    0e+00   0.0e+00   63  Cu     6.07e-04   2.17e-06   7.73e-07   2.00e-06   5.25e-07   2.21e-06
   75    0e+00   0.0e+00   65  Cu     4.07e-05   1.79e-06   6.52e-07   9.84e-07   1.84e-08   5.93e-08
   76    0e+00   0.0e+00   64  Zn     1.03e-02   2.68e-05   1.34e-05   3.49e-05   1.90e-06   7.30e-06
   77    0e+00   0.0e+00   66  Zn     1.68e-04   2.32e-05   7.78e-06   9.06e-06   4.20e-08   1.45e-07
   78    0e+00   0.0e+00   67  Zn     3.41e-05   5.47e-08   1.30e-08   1.28e-08   1.72e-11   6.29e-11
   79    0e+00   0.0e+00   68  Zn     7.93e-04   1.00e-08   2.19e-09   2.52e-09   4.54e-12   1.69e-11
   80    0e+00   0.0e+00   70  Zn     5.87e-21   1.44e-20   9.50e-24   8.71e-20   5.62e-20   9.80e-20
   81    0e+00   0.0e+00   69  Ga     1.15e-06   1.92e-12   2.89e-13   2.44e-13   1.80e-15   2.75e-15
   82    0e+00   0.0e+00   71  Ga     1.20e-06   2.69e-14   3.60e-15   2.43e-15   9.19e-17   5.36e-16
   83    0e+00   0.0e+00   70  Ge     6.17e-06   2.43e-16   7.85e-17   8.86e-15   8.18e-14   1.19e-13
   84    0e+00   0.0e+00   72  Ge     2.15e-09   5.39e-17   3.29e-16   4.65e-14   4.24e-13   5.23e-13
   85    0e+00   0.0e+00   73  Ge     1.08e-08   1.00e-17   7.15e-19   3.39e-16   1.86e-15   3.79e-15
   86    0e+00   0.0e+00   74  Ge     2.41e-11   4.04e-17   9.14e-19   1.09e-15   8.49e-16   1.37e-14
   87    0e+00   0.0e+00   76  Ge     3.71e-21   1.35e-20   2.71e-22   2.76e-19   3.98e-19   1.86e-18
   88    0e+00   0.0e+00   75  As     1.97e-08   5.07e-14   8.92e-15   1.32e-14   1.32e-15   3.54e-15
   89    0e+00   0.0e+00   74  Se     1.20e-06   1.64e-15   3.90e-16   2.47e-14   2.50e-13   3.84e-13
   90    0e+00   0.0e+00   76  Se     7.31e-10   1.27e-16   6.55e-16   8.66e-14   9.13e-13   1.26e-12
   91    0e+00   0.0e+00   77  Se     2.26e-09   6.84e-18   5.90e-19   3.02e-16   8.60e-16   5.72e-15
   92    0e+00   0.0e+00   78  Se     1.34e-11   2.59e-17   4.76e-17   7.08e-15   5.19e-14   7.15e-14
   93    0e+00   0.0e+00   80  Se     1.39e-15   4.23e-17   9.22e-17   5.43e-15   1.66e-13   2.21e-13
   94    0e+00   0.0e+00   82  Se     1.10e-19   2.92e-20   1.07e-19   2.36e-18   2.00e-16   2.90e-17
   95    0e+00   0.0e+00   79  Br     1.08e-09   1.37e-14   2.52e-15   5.92e-15   8.06e-15   1.70e-14
   96    0e+00   0.0e+00   81  Br     1.81e-09   1.33e-17   2.62e-17   2.97e-15   4.33e-14   6.17e-14
   97    0e+00   0.0e+00   78  Kr     1.88e-07   2.34e-15   4.17e-16   1.10e-14   1.18e-13   1.89e-13
   98    0e+00   0.0e+00   80  Kr     5.06e-09   7.96e-17   2.08e-15   2.62e-13   3.01e-12   4.44e-12
   99    0e+00   0.0e+00   82  Kr     1.09e-11   5.36e-17   6.20e-16   7.01e-14   1.47e-12   1.57e-12
  100    0e+00   0.0e+00   83  Kr     1.50e-11   1.42e-17   1.17e-16   1.74e-14   4.15e-13   2.40e-13
  101    0e+00   0.0e+00   84  Kr     9.49e-13   8.72e-17   1.15e-15   4.54e-13   1.21e-12   3.98e-11
  102    0e+00   0.0e+00   86  Kr     5.67e-17   5.08e-16   2.62e-16   9.55e-14   1.33e-13   7.46e-12
  103    0e+00   0.0e+00   85  Rb     4.99e-11   1.27e-17   1.31e-15   1.55e-13   6.43e-13   1.18e-11
  104    0e+00   0.0e+00   87  Rb     3.18e-17   9.64e-17   1.64e-16   1.39e-14   4.89e-14   6.00e-13
  105    0e+00   0.0e+00   84  Sr     8.95e-10   1.87e-17   2.05e-15   2.37e-13   2.98e-12   4.33e-12
  106    0e+00   0.0e+00   86  Sr     3.12e-11   7.90e-17   1.40e-14   1.52e-12   1.06e-11   1.35e-10
  107    0e+00   0.0e+00   87  Sr     1.23e-10   2.68e-17   1.27e-14   1.42e-12   1.04e-12   1.46e-10
  108    0e+00   0.0e+00   88  Sr     1.59e-11   4.59e-16   1.61e-13   2.55e-11   5.27e-10   6.29e-10
  109    0e+00   0.0e+00   89  Y      1.91e-13   1.46e-16   1.52e-14   2.46e-12   4.94e-11   1.45e-10
  110    0e+00   0.0e+00   90  Zr     9.60e-11   4.91e-16   9.36e-14   1.80e-11   1.61e-10   4.08e-10
  111    0e+00   0.0e+00   91  Zr     6.04e-11   3.01e-17   1.27e-14   9.38e-12   3.57e-11   6.01e-11
  112    0e+00   0.0e+00   92  Zr     9.06e-14   5.68e-17   2.45e-14   8.03e-12   4.41e-11   3.88e-10
  113    0e+00   0.0e+00   94  Zr     9.74e-14   6.23e-17   3.10e-13   1.19e-10   3.84e-10   2.29e-09
  114    0e+00   0.0e+00   96  Zr     3.29e-16   1.49e-19   2.24e-16   2.32e-13   5.16e-13   2.92e-12
  115    0e+00   0.0e+00   93  Nb     5.14e-12   2.85e-17   1.08e-14   2.08e-12   6.87e-12   1.97e-10
  116    0e+00   0.0e+00   92  Mo     4.24e-09   1.71e-16   1.04e-14   2.22e-12   2.01e-11   4.27e-11
  117    0e+00   0.0e+00   94  Mo     9.45e-13   1.74e-16   1.19e-14   2.62e-12   2.00e-11   4.83e-11
  118    0e+00   0.0e+00   95  Mo     1.33e-14   1.09e-17   3.64e-14   1.61e-11   4.33e-11   2.67e-10
  119    0e+00   0.0e+00   96  Mo     6.07e-14   4.62e-16   1.42e-13   5.85e-11   1.98e-10   9.33e-10
  120    0e+00   0.0e+00   97  Mo     9.05e-15   1.31e-15   4.36e-14   2.20e-11   1.75e-10   1.15e-09
  121    0e+00   0.0e+00   98  Mo     5.97e-14   1.43e-15   4.11e-14   2.29e-11   7.88e-11   4.40e-10
  122    0e+00   2.5e+04    3  H      1.35e-29   5.76e-27   2.57e-28   1.40e-22   3.77e-21   1.01e-22
  123    0e+00   2.5e+04   14  C      4.16e-11   2.09e-10   3.82e-09   6.09e-03   6.59e-03   5.87e-05
  124    0e+00   2.5e+04   22  Na     1.01e-07   3.16e-07   3.75e-07   1.76e-06   2.98e-06   1.10e-05
  125    0e+00   2.5e+04   26  Al     6.35e-07   6.77e-07   2.05e-06   1.71e-06   4.20e-06   1.57e-06
  126    0e+00   2.5e+04   32  Si     3.30e-11   7.42e-12   3.67e-11   1.25e-11   1.98e-11   2.67e-12
  127    0e+00   2.5e+04   36  Cl     6.73e-08   3.76e-08   1.10e-07   5.13e-08   1.03e-07   2.43e-08
  128    0e+00   2.5e+04   39  Ar     1.11e-09   5.86e-10   1.38e-09   6.58e-10   1.29e-09   2.56e-10
  129    0e+00   2.5e+04   41  Ca     6.72e-07   7.79e-07   1.54e-06   1.48e-06   3.06e-06   2.07e-06
  130    0e+00   2.5e+04   45  Ca     2.49e-12   5.65e-13   2.12e-12   5.17e-13   9.15e-13   7.22e-14
  131    0e+00   2.5e+04   44  Ti     6.94e-05   5.95e-05   3.01e-05   5.73e-05   1.19e-05   1.03e-05
  132    0e+00   2.5e+04   49  V      5.86e-06   2.80e-06   5.50e-06   5.38e-06   9.78e-06   8.84e-06
  133    0e+00   2.5e+04   53  Mn     7.64e-05   6.53e-05   1.25e-04   1.23e-04   2.22e-04   2.01e-04
  134    0e+00   2.5e+04   54  Mn     1.37e-09   1.23e-10   3.35e-10   1.62e-10   3.75e-10   2.16e-10
  135    0e+00   2.5e+04   55  Fe     5.43e-05   5.15e-05   6.11e-05   8.71e-05   1.21e-04   1.00e-04
  136    0e+00   2.5e+04   60  Fe     2.95e-20   7.31e-18   5.55e-21   5.67e-18   3.22e-15   1.31e-21
  137    0e+00   2.5e+04   57  Co     1.97e-04   1.79e-04   1.04e-04   1.24e-04   4.37e-05   5.51e-05
  138    0e+00   2.5e+04   60  Co     2.69e-13   6.80e-17   2.10e-16   1.25e-16   3.67e-16   2.86e-16
  139    0e+00   2.5e+04   56  Ni     9.13e-02   1.00e-01   1.00e-01   1.00e-01   1.00e-01   1.00e-01
  140    0e+00   2.5e+04   57  Ni     3.53e-03   3.26e-03   1.88e-03   2.30e-03   8.08e-04   1.02e-03
  141    0e+00   2.5e+04   59  Ni     2.75e-03   2.14e-04   8.04e-05   8.59e-05   4.27e-06   7.58e-06
  142    0e+00   2.5e+04   63  Ni     2.20e-12   5.34e-18   8.84e-19   1.58e-18   4.48e-16   3.81e-18
  143    0e+00   2.5e+04   65  Zn     4.07e-05   1.79e-06   6.53e-07   9.84e-07   1.84e-08   5.93e-08
  144    0e+00   2.5e+04   68  Ge     7.93e-04   1.00e-08   2.19e-09   2.53e-09   4.53e-12   1.70e-11
  145    0e+00   2.5e+04   79  Se     5.24e-18   2.41e-18   6.81e-20   1.50e-16   4.20e-17   1.82e-15
  146    0e+00   2.5e+04   81  Kr     1.14e-09   2.59e-18   8.32e-18   1.52e-15   1.14e-14   1.95e-14
  147    0e+00   2.5e+04   85  Kr     1.13e-17   2.29e-18   3.02e-17   2.02e-14   3.27e-14   8.86e-13
  148    0e+00   2.5e+04   90  Sr     1.12e-19   3.82e-20   1.03e-17   2.04e-15   3.83e-14   2.96e-14
  149    0e+00   2.5e+04   93  Zr     6.68e-16   1.26e-17   7.72e-15   1.61e-12   4.20e-12   1.66e-10
  150    1e-06   0.0e+00    0  ejec   1.16e+01   1.36e+01   1.83e+01   2.32e+01   2.81e+01   3.29e+01
  151    1e-06   0.0e+00    0  remn   1.44e+00   1.45e+00   1.66e+00   1.78e+00   1.93e+00   2.13e+00
  152    1e-06   0.0e+00   56  Ni     1.00e-01   1.00e-01   1.00e-01   1.00e-01   1.00e-01   1.00e-01
  153    1e-06   0.0e+00    1  H      6.83e+00   7.70e+00   9.70e+00   1.14e+01   1.31e+01   1.47e+01
  154    1e-06   0.0e+00    2  H      1.61e-16   1.29e-16   1.12e-16   1.27e-16   1.46e-16   1.68e-16
  155    1e-06   0.0e+00    3  He     7.04e-05   6.41e-05   5.50e-05   4.97e-05   4.66e-05   4.45e-05
  156    1e-06   0.0e+00    4  He     3.88e+00   4.51e+00   6.04e+00   7.51e+00   8.91e+00   1.03e+01
  157    1e-06   0.0e+00    6  Li     7.86e-15   6.68e-15   4.60e-15   2.81e-15   9.18e-16   1.32e-17
  158    1e-06   0.0e+00    7  Li     3.97e-16   2.89e-12   2.66e-11   3.97e-11   4.66e-11   5.37e-11
  159    1e-06   0.0e+00    9  Be     2.04e-15   1.70e-15   1.18e-15   7.22e-16   3.10e-16   3.23e-59
  160    1e-06   0.0e+00   10  B      1.43e-14   1.27e-14   9.92e-15   6.53e-15   3.82e-15   8.19e-16
  161    1e-06   0.0e+00   11  B      1.27e-13   1.32e-13   1.49e-13   1.63e-13   1.75e-13   1.88e-13
  162    1e-06   0.0e+00   12  C      1.04e-01   1.61e-01   3.69e-01   4.91e-01   7.18e-01   7.57e-01
  163    1e-06   0.0e+00   13  C      3.92e-08   3.84e-08   6.48e-08   5.97e-08   7.81e-06   3.26e-05
  164    1e-06   0.0e+00   14  N      4.58e-06   5.42e-06   1.27e-05   2.59e-05   3.98e-05   6.45e-05
  165    1e-06   0.0e+00   15  N      8.62e-10   1.47e-09   7.16e-09   3.30e-08   3.10e-08   9.69e-08
  166    1e-06   0.0e+00   16  O      2.31e-01   4.64e-01   1.18e+00   2.18e+00   3.45e+00   4.67e+00
  167    1e-06   0.0e+00   17  O      4.63e-08   6.28e-08   5.23e-07   8.11e-07   1.38e-05   3.47e-05
  168    1e-06   0.0e+00   18  O      4.69e-08   6.96e-08   9.00e-08   1.94e-07   1.92e-07   9.14e-07
  169    1e-06   0.0e+00   19  F      1.21e-10   1.74e-10   4.24e-10   1.21e-09   1.42e-08   3.54e-07
  170    1e-06   0.0e+00   20  Ne     4.31e-02   1.55e-01   2.59e-01   6.57e-01   6.68e-01   1.05e+00
  171    1e-06   0.0e+00   21  Ne     1.87e-06   4.74e-06   4.11e-05   4.14e-05   5.24e-05   4.35e-05
  172    1e-06   0.0e+00   22  Ne     8.60e-07   2.87e-06   1.96e-05   3.23e-05   3.65e-05   3.99e-05
  173    1e-06   0.0e+00   23  Na     2.38e-04   7.59e-04   1.85e-03   2.88e-03   3.16e-03   2.95e-03
  174    1e-06   0.0e+00   24  Mg     3.58e-02   6.13e-02   1.04e-01   1.37e-01   1.82e-01   2.06e-01
  175    1e-06   0.0e+00   25  Mg     1.03e-04   1.09e-04   2.89e-04   3.21e-04   3.11e-04   2.14e-04
  176    1e-06   0.0e+00   26  Mg     1.64e-04   2.46e-04   3.67e-04   5.16e-04   4.43e-04   3.68e-04
  177    1e-06   0.0e+00   27  Al     4.96e-04   1.08e-03   1.49e-03   1.74e-03   1.83e-03   1.73e-03
  178    1e-06   0.0e+00   28  Si     5.74e-02   7.65e-02   1.54e-01   1.41e-01   2.33e-01   2.23e-01
  179    1e-06   0.0e+00   29  Si     3.49e-04   3.00e-04   6.98e-04   4.53e-04   8.37e-04   5.64e-04
  180    1e-06   0.0e+00   30  Si     3.07e-04   2.12e-04   4.25e-04   2.13e-04   3.38e-04   1.64e-04
  181    1e-06   0.0e+00   31  P      1.24e-04   1.08e-04   2.13e-04   1.31e-04   2.05e-04   1.22e-04
  182    1e-06   0.0e+00   32  S      2.47e-02   3.50e-02   6.62e-02   6.76e-02   1.09e-01   1.11e-01
  183    1e-06   0.0e+00   33  S      6.13e-05   6.20e-05   1.45e-04   1.00e-04   1.72e-04   1.27e-04
  184    1e-06   0.0e+00   34  S      3.56e-04   2.55e-04   5.04e-04   2.40e-04   3.24e-04   1.62e-04
  185    1e-06   0.0e+00   36  S      1.02e-08   2.49e-09   4.91e-09   1.17e-09   1.93e-09   4.84e-10
  186    1e-06   0.0e+00   35  Cl     2.86e-05   3.13e-05   4.89e-05   3.16e-05   4.59e-05   2.82e-05
  187    1e-06   0.0e+00   37  Cl     3.34e-06   6.01e-06   8.29e-06   7.29e-06   1.26e-05   1.06e-05
  188    1e-06   0.0e+00   36  Ar     4.76e-03   6.78e-03   1.23e-02   1.36e-02   2.15e-02   2.29e-02
  189    1e-06   0.0e+00   38  Ar     7.68e-05   1.32e-04   1.26e-04   1.03e-04   9.88e-05   7.87e-05
  190    1e-06   0.0e+00   40  Ar     2.52e-10   7.14e-11   1.34e-10   5.14e-11   9.37e-11   6.14e-10
  191    1e-06   0.0e+00   39  K      2.16e-05   3.23e-05   1.95e-05   1.56e-05   1.97e-05   1.66e-05
  192    1e-06   0.0e+00   40  K      4.81e-09   3.02e-09   5.98e-09   2.58e-09   3.38e-09   1.76e-09
  193    1e-06   0.0e+00   41  K      8.85e-07   1.86e-06   1.69e-06   1.69e-06   2.98e-06   2.55e-06
  194    1e-06   0.0e+00   40  Ca     4.47e-03   5.92e-03   1.08e-02   1.24e-02   1.95e-02   2.09e-02
  195    1e-06   0.0e+00   42  Ca     1.78e-06   4.54e-06   2.24e-06   2.52e-06   1.90e-06   1.67e-06
  196    1e-06   0.0e+00   43  Ca     3.34e-07   2.25e-07   4.38e-08   6.57e-09   2.65e-09   2.44e-09
  197    1e-06   0.0e+00   44  Ca     7.92e-05   5.17e-05   3.75e-05   2.06e-05   1.51e-05   1.17e-05
  198    1e-06   0.0e+00   46  Ca     2.14e-12   1.94e-12   2.67e-12   3.18e-12   1.12e-11   3.75e-10
  199    1e-06   0.0e+00   48  Ca     7.95e-11   9.27e-11   1.24e-10   1.54e-10   1.85e-10   2.10e-10
  200    1e-06   0.0e+00   45  Sc     5.64e-08   1.05e-07   8.60e-08   9.35e-08   1.35e-07   1.38e-07
  201    1e-06   0.0e+00   46  Ti     1.72e-06   4.25e-06   1.36e-06   1.79e-06   1.18e-06   1.07e-06
  202    1e-06   0.0e+00   47  Ti     9.59e-07   6.51e-07   2.40e-07   6.92e-08   4.05e-08   4.24e-08
  203    1e-06   0.0e+00   48  Ti     2.20e-04   1.59e-04   1.85e-04   1.86e-04   1.95e-04   2.28e-04
  204    1e-06   0.0e+00   49  Ti     2.81e-06   5.38e-06   6.18e-06   8.09e-06   8.00e-06   9.56e-06
  205    1e-06   0.0e+00   50  Ti     1.03e-10   1.17e-10   1.61e-10   2.03e-10   3.32e-10   6.35e-10
  206    1e-06   0.0e+00   50  V      2.90e-11   3.82e-11   3.05e-11   2.08e-11   1.38e-11   1.86e-11
  207    1e-06   0.0e+00   51  V      3.96e-06   1.29e-05   1.09e-05   1.20e-05   9.78e-06   1.10e-05
  208    1e-06   0.0e+00   50  Cr     7.15e-06   4.39e-05   1.88e-05   2.10e-05   1.18e-05   1.31e-05
  209    1e-06   0.0e+00   52  Cr     1.10e-03   1.27e-03   2.13e-03   2.81e-03   3.29e-03   4.04e-03
  210    1e-06   0.0e+00   53  Cr     6.11e-05   1.16e-04   1.41e-04   1.82e-04   1.78e-04   2.17e-04
  211    1e-06   0.0e+00   54  Cr     6.72e-10   3.29e-09   8.84e-10   1.60e-09   1.47e-09   2.30e-09
  212    1e-06   0.0e+00   55  Mn     1.94e-04   5.54e-04   5.73e-04   6.16e-04   5.46e-04   6.33e-04
  213    1e-06   0.0e+00   54  Fe     6.25e-04   3.45e-03   2.05e-03   2.18e-03   1.42e-03   1.62e-03
  214    1e-06   0.0e+00   56  Fe     1.00e-01   1.00e-01   1.00e-01   1.00e-01   1.00e-01   1.00e-01
  215    1e-06   0.0e+00   57  Fe     3.23e-03   3.13e-03   2.02e-03   1.65e-03   1.07e-03   8.15e-04
  216    1e-06   0.0e+00   58  Fe     3.61e-09   5.48e-09   7.29e-09   9.33e-09   3.22e-08   7.62e-08
  217    1e-06   0.0e+00   59  Co     1.80e-04   1.62e-04   5.36e-05   8.58e-06   7.12e-06   4.23e-06
  218    1e-06   0.0e+00   58  Ni     1.79e-03   1.90e-03   5.74e-04   3.76e-04   3.39e-04   2.93e-04
  219    1e-06   0.0e+00   60  Ni     3.36e-03   2.55e-03   1.68e-03   1.17e-03   4.26e-04   1.19e-04
  220    1e-06   0.0e+00   61  Ni     1.66e-04   1.14e-04   6.33e-05   3.60e-05   9.13e-06   2.12e-06
  221    1e-06   0.0e+00   62  Ni     7.89e-04   5.52e-04   1.94e-04   6.25e-05   1.29e-05   3.31e-06
  222    1e-06   0.0e+00   64  Ni     4.33e-10   5.07e-10   6.82e-10   8.71e-10   1.22e-09   7.83e-09
  223    1e-06   0.0e+00   63  Cu     6.56e-06   1.82e-06   1.37e-06   1.50e-05   3.35e-06   3.09e-07
  224    1e-06   0.0e+00   65  Cu     2.09e-06   1.13e-06   6.06e-07   4.10e-07   1.12e-07   1.02e-08
  225    1e-06   0.0e+00   64  Zn     5.22e-05   2.47e-05   2.49e-05   4.33e-05   1.31e-05   9.05e-07
  226    1e-06   0.0e+00   66  Zn     2.53e-05   1.32e-05   5.08e-06   2.25e-06   3.31e-07   2.51e-08
  227    1e-06   0.0e+00   67  Zn     6.14e-08   2.47e-08   6.22e-09   1.61e-09   3.04e-10   3.19e-10
  228    1e-06   0.0e+00   68  Zn     1.03e-08   5.80e-09   1.60e-09   9.51e-10   6.87e-10   1.33e-09
  229    1e-06   0.0e+00   70  Zn     7.87e-12   9.17e-12   1.22e-11   1.55e-11   1.76e-11   1.98e-11
  230    1e-06   0.0e+00   69  Ga     2.79e-11   3.15e-11   4.31e-11   5.54e-11   7.48e-11   1.63e-10
  231    1e-06   0.0e+00   71  Ga     1.62e-11   1.90e-11   2.60e-11   3.35e-11   4.61e-11   9.62e-11
  232    1e-06   0.0e+00   70  Ge     2.82e-11   3.40e-11   4.94e-11   6.26e-11   9.09e-11   2.09e-10
  233    1e-06   0.0e+00   72  Ge     3.50e-11   4.08e-11   5.53e-11   6.95e-11   9.27e-11   2.04e-10
  234    1e-06   0.0e+00   73  Ge     9.89e-12   1.16e-11   1.56e-11   2.00e-11   2.61e-11   5.79e-11
  235    1e-06   0.0e+00   74  Ge     4.72e-11   5.52e-11   7.41e-11   9.43e-11   1.17e-10   2.43e-10
  236    1e-06   0.0e+00   76  Ge     1.01e-11   1.17e-11   1.55e-11   1.97e-11   2.22e-11   2.52e-11
  237    1e-06   0.0e+00   75  As     7.12e-12   8.21e-12   1.10e-11   1.37e-11   1.70e-11   2.90e-11
  238    1e-06   0.0e+00   74  Se     6.78e-13   8.33e-13   1.32e-12   1.63e-12   2.24e-12   2.81e-12
  239    1e-06   0.0e+00   76  Se     7.63e-12   9.26e-12   1.33e-11   1.73e-11   2.30e-11   5.90e-11
  240    1e-06   0.0e+00   77  Se     5.42e-12   6.41e-12   8.70e-12   1.14e-11   1.40e-11   2.86e-11
  241    1e-06   0.0e+00   78  Se     1.71e-11   2.01e-11   2.72e-11   3.48e-11   4.43e-11   9.27e-11
  242    1e-06   0.0e+00   80  Se     3.53e-11   4.10e-11   5.46e-11   7.01e-11   8.73e-11   1.80e-10
  243    1e-06   0.0e+00   82  Se     6.80e-12   7.95e-12   1.06e-11   1.35e-11   1.58e-11   1.78e-11
  244    1e-06   0.0e+00   79  Br     6.57e-12   7.62e-12   1.01e-11   1.27e-11   1.69e-11   3.57e-11
  245    1e-06   0.0e+00   81  Br     7.09e-12   8.34e-12   1.13e-11   1.49e-11   1.72e-11   3.24e-11
  246    1e-06   0.0e+00   78  Kr     1.77e-13   2.09e-13   2.96e-13   3.82e-13   4.43e-13   6.70e-13
  247    1e-06   0.0e+00   80  Kr     1.94e-12   2.46e-12   3.82e-12   5.37e-12   5.45e-12   9.54e-12
  248    1e-06   0.0e+00   82  Kr     7.93e-12   9.88e-12   1.43e-11   1.97e-11   2.47e-11   6.82e-11
  249    1e-06   0.0e+00   83  Kr     6.06e-12   7.06e-12   9.56e-12   1.21e-11   1.53e-11   3.15e-11
  250    1e-06   0.0e+00   84  Kr     3.15e-11   3.68e-11   4.99e-11   6.84e-11   7.87e-11   1.65e-10
  251    1e-06   0.0e+00   86  Kr     9.91e-12   1.16e-11   1.56e-11   1.99e-11   2.71e-11   8.25e-11
  252    1e-06   0.0e+00   85  Rb     6.48e-12   7.59e-12   1.02e-11   1.36e-11   1.77e-11   5.08e-11
  253    1e-06   0.0e+00   87  Rb     2.76e-12   3.19e-12   4.38e-12   5.50e-12   8.15e-12   3.18e-11
  254    1e-06   0.0e+00   84  Sr     1.76e-13   2.00e-13   2.89e-13   4.17e-13   4.12e-13   8.57e-13
  255    1e-06   0.0e+00   86  Sr     4.01e-12   5.04e-12   7.39e-12   1.06e-11   1.20e-11   3.14e-11
  256    1e-06   0.0e+00   87  Sr     2.16e-12   2.63e-12   3.71e-12   2.24e-11   6.28e-12   5.83e-11
  257    1e-06   0.0e+00   88  Sr     2.56e-11   3.00e-11   4.07e-11   5.97e-11   6.51e-11   1.19e-10
  258    1e-06   0.0e+00   89  Y      6.16e-12   7.25e-12   9.90e-12   1.52e-11   1.57e-11   2.32e-11
  259    1e-06   0.0e+00   90  Zr     8.18e-12   9.62e-12   1.34e-11   2.03e-11   2.09e-11   3.42e-11
  260    1e-06   0.0e+00   91  Zr     1.71e-12   2.01e-12   2.71e-12   4.00e-12   4.31e-12   1.01e-11
  261    1e-06   0.0e+00   92  Zr     2.66e-12   3.13e-12   4.23e-12   6.14e-12   6.68e-12   1.05e-11
  262    1e-06   0.0e+00   94  Zr     2.69e-12   3.15e-12   4.20e-12   3.84e-11   6.51e-12   4.89e-11
  263    1e-06   0.0e+00   96  Zr     3.93e-13   4.47e-13   5.75e-13   7.79e-13   9.35e-13   2.75e-12
  264    1e-06   0.0e+00   93  Nb     9.36e-13   1.09e-12   1.47e-12   1.94e-12   2.30e-12   3.12e-12
  265    1e-06   0.0e+00   92  Mo     6.32e-13   7.44e-13   1.18e-12   1.62e-12   1.83e-12   2.60e-12
  266    1e-06   0.0e+00   94  Mo     4.97e-13   6.27e-13   1.05e-12   1.59e-12   1.68e-12   2.19e-12
  267    1e-06   0.0e+00   95  Mo     5.63e-13   6.60e-13   8.85e-13   4.14e-12   1.34e-12   6.79e-12
  268    1e-06   0.0e+00   96  Mo     8.35e-13   1.02e-12   1.58e-12   5.79e-12   2.79e-12   2.35e-11
  269    1e-06   0.0e+00   97  Mo     4.42e-13   5.45e-13   7.76e-13   6.13e-12   2.08e-12   1.24e-11
  270    1e-06   0.0e+00   98  Mo     7.74e-11   9.08e-11   1.21e-10   1.59e-10   1.86e-10   2.22e-10
  271    1e-06   2.5e+04    3  H      1.14e-59   1.33e-59   2.35e-30   4.55e-29   3.97e-27   1.08e-25
  272    1e-06   2.5e+04   14  C      1.41e-10   2.87e-10   1.45e-08   1.69e-08   1.87e-06   3.13e-05
  273    1e-06   2.5e+04   22  Na     1.03e-07   6.40e-07   5.87e-07   7.42e-06   1.34e-06   1.21e-05
  274    1e-06   2.5e+04   26  Al     8.61e-07   7.35e-07   2.35e-06   1.55e-06   2.85e-06   1.64e-06
  275    1e-06   2.5e+04   32  Si     3.83e-11   8.94e-12   1.79e-11   5.65e-12   7.58e-12   1.80e-12
  276    1e-06   2.5e+04   36  Cl     8.14e-08   4.27e-08   9.10e-08   3.77e-08   5.35e-08   2.38e-08
  277    1e-06   2.5e+04   39  Ar     1.19e-09   5.99e-10   1.29e-09   4.66e-10   7.83e-10   1.31e-09
  278    1e-06   2.5e+04   41  Ca     8.85e-07   1.87e-06   1.70e-06   1.69e-06   2.98e-06   2.56e-06
  279    1e-06   2.5e+04   45  Ca     2.81e-12   6.88e-13   1.57e-12   9.31e-13   1.38e-11   3.81e-10
  280    1e-06   2.5e+04   44  Ti     7.93e-05   5.18e-05   3.76e-05   2.06e-05   1.52e-05   1.17e-05
  281    1e-06   2.5e+04   49  V      2.81e-06   5.37e-06   6.16e-06   8.07e-06   7.98e-06   9.53e-06
  282    1e-06   2.5e+04   53  Mn     6.12e-05   1.16e-04   1.42e-04   1.83e-04   1.79e-04   2.17e-04
  283    1e-06   2.5e+04   54  Mn     3.56e-10   2.90e-09   3.23e-10   8.46e-10   2.19e-10   2.31e-10
  284    1e-06   2.5e+04   55  Fe     3.33e-05   1.00e-04   9.78e-05   1.06e-04   9.29e-05   1.08e-04
  285    1e-06   2.5e+04   60  Fe     1.30e-13   1.47e-13   3.10e-13   3.17e-13   4.62e-10   2.33e-08
  286    1e-06   2.5e+04   57  Co     1.62e-04   1.61e-04   1.03e-04   8.42e-05   5.44e-05   4.17e-05
  287    1e-06   2.5e+04   60  Co     5.94e-12   2.94e-12   1.07e-11   7.25e-12   4.88e-10   4.17e-09
  288    1e-06   2.5e+04   56  Ni     1.00e-01   1.00e-01   1.00e-01   1.00e-01   1.00e-01   1.00e-01
  289    1e-06   2.5e+04   57  Ni     3.07e-03   2.98e-03   1.92e-03   1.57e-03   1.02e-03   7.74e-04
  290    1e-06   2.5e+04   59  Ni     1.80e-04   1.63e-04   5.37e-05   8.57e-06   7.12e-06   4.20e-06
  291    1e-06   2.5e+04   63  Ni     1.93e-12   3.63e-12   7.09e-12   1.74e-11   4.72e-10   4.99e-09
  292    1e-06   2.5e+04   65  Zn     2.09e-06   1.13e-06   6.07e-07   4.10e-07   1.12e-07   8.72e-09
  293    1e-06   2.5e+04   68  Ge     1.01e-08   5.53e-09   1.22e-09   4.66e-10   4.42e-11   3.93e-12
  294    1e-06   2.5e+04   79  Se     4.20e-14   9.90e-14   1.13e-13   6.51e-13   2.99e-12   1.98e-11
  295    1e-06   2.5e+04   81  Kr     2.84e-13   4.06e-13   6.52e-13   1.10e-12   5.61e-13   1.09e-12
  296    1e-06   2.5e+04   85  Kr     3.10e-14   5.17e-14   1.47e-13   5.40e-13   3.49e-12   2.02e-11
  297    1e-06   2.5e+04   90  Sr     1.01e-16   1.28e-16   3.60e-16   1.38e-15   1.14e-13   2.10e-12
  298    1e-06   2.5e+04   93  Zr     4.95e-14   7.68e-14   1.40e-13   2.57e-13   4.47e-13   9.20e-13
  299    1e-04   0.0e+00    0  ejec   1.17e+01   1.33e+01   1.84e+01   2.31e+01   2.82e+01   3.29e+01
  300    1e-04   0.0e+00    0  remn   1.33e+00   1.65e+00   1.55e+00   1.86e+00   1.84e+00   2.14e+00
  301    1e-04   0.0e+00   56  Ni     1.00e-01   1.00e-01   1.00e-01   1.00e-01   1.00e-01   1.00e-01
  302    1e-04   0.0e+00    1  H      6.74e+00   7.61e+00   9.61e+00   1.14e+01   1.31e+01   1.47e+01
  303    1e-04   0.0e+00    2  H      1.64e-16   1.81e-16   2.20e-16   2.54e-16   2.85e-16   3.17e-16
  304    1e-04   0.0e+00    3  He     9.01e-05   8.27e-05   7.10e-05   6.48e-05   6.13e-05   5.92e-05
  305    1e-04   0.0e+00    4  He     3.83e+00   4.43e+00   5.85e+00   7.14e+00   8.50e+00   9.85e+00
  306    1e-04   0.0e+00    6  Li     2.16e-12   2.28e-12   2.21e-12   2.40e-12   2.27e-12   2.40e-12
  307    1e-04   0.0e+00    7  Li     4.53e-17   1.03e-15   3.45e-13   1.82e-12   3.29e-12   4.43e-12
  308    1e-04   0.0e+00    9  Be     5.96e-13   5.85e-13   6.37e-13   6.18e-13   6.35e-13   6.15e-13
  309    1e-04   0.0e+00   10  B      4.17e-12   4.33e-12   4.51e-12   4.53e-12   4.69e-12   4.71e-12
  310    1e-04   0.0e+00   11  B      3.16e-11   3.46e-11   4.15e-11   4.76e-11   5.34e-11   5.88e-11
  311    1e-04   0.0e+00   12  C      1.09e-01   2.00e-01   3.01e-01   5.43e-01   6.24e-01   8.14e-01
  312    1e-04   0.0e+00   13  C      4.37e-06   4.98e-06   6.40e-06   7.60e-06   8.92e-06   1.02e-05
  313    1e-04   0.0e+00   14  N      2.99e-04   3.37e-04   4.17e-04   5.21e-04   6.21e-04   7.22e-04
  314    1e-04   0.0e+00   15  N      6.07e-08   6.76e-08   8.35e-08   1.34e-07   1.24e-07   1.54e-07
  315    1e-04   0.0e+00   16  O      3.17e-01   4.59e-01   1.37e+00   2.38e+00   3.75e+00   4.97e+00
  316    1e-04   0.0e+00   17  O      3.89e-06   3.98e-06   4.39e-06   5.32e-06   5.45e-06   5.09e-06
  317    1e-04   0.0e+00   18  O      4.47e-06   7.13e-06   6.55e-06   3.31e-06   1.46e-06   1.41e-06
  318    1e-04   0.0e+00   19  F      1.58e-08   1.87e-08   3.71e-08   5.84e-08   7.29e-08   1.06e-07
  319    1e-04   0.0e+00   20  Ne     1.33e-01   4.24e-02   4.89e-01   6.77e-01   1.05e+00   1.19e+00
  320    1e-04   0.0e+00   21  Ne     6.85e-06   5.93e-06   2.98e-05   5.12e-05   8.11e-05   7.75e-05
  321    1e-04   0.0e+00   22  Ne     6.27e-05   9.50e-05   2.09e-04   3.11e-04   3.68e-04   4.17e-04
  322    1e-04   0.0e+00   23  Na     7.83e-04   1.84e-04   1.83e-03   3.06e-03   4.48e-03   3.99e-03
  323    1e-04   0.0e+00   24  Mg     5.12e-02   5.41e-02   1.70e-01   1.43e-01   2.23e-01   2.22e-01
  324    1e-04   0.0e+00   25  Mg     1.52e-04   1.67e-04   6.55e-04   3.25e-04   4.88e-04   3.25e-04
  325    1e-04   0.0e+00   26  Mg     3.15e-04   2.33e-04   1.17e-03   5.33e-04   9.11e-04   6.07e-04
  326    1e-04   0.0e+00   27  Al     1.18e-03   5.50e-04   2.97e-03   1.84e-03   3.05e-03   2.40e-03
  327    1e-04   0.0e+00   28  Si     7.48e-02   1.14e-01   1.11e-01   1.71e-01   1.69e-01   2.33e-01
  328    1e-04   0.0e+00   29  Si     2.84e-04   6.55e-04   7.31e-04   5.07e-04   7.39e-04   6.35e-04
  329    1e-04   0.0e+00   30  Si     2.50e-04   5.33e-04   5.30e-04   2.35e-04   3.47e-04   2.27e-04
  330    1e-04   0.0e+00   31  P      1.12e-04   2.21e-04   2.20e-04   1.49e-04   2.00e-04   1.56e-04
  331    1e-04   0.0e+00   32  S      3.64e-02   4.90e-02   4.41e-02   8.22e-02   7.43e-02   1.15e-01
  332    1e-04   0.0e+00   33  S      6.75e-05   1.29e-04   8.88e-05   1.23e-04   1.33e-04   1.47e-04
  333    1e-04   0.0e+00   34  S      3.75e-04   7.53e-04   3.36e-04   3.09e-04   2.84e-04   2.53e-04
  334    1e-04   0.0e+00   36  S      1.04e-08   2.33e-08   1.40e-08   1.10e-08   1.40e-08   1.40e-08
  335    1e-04   0.0e+00   35  Cl     3.39e-05   5.04e-05   3.42e-05   3.95e-05   3.81e-05   3.73e-05
  336    1e-04   0.0e+00   37  Cl     1.00e-05   8.03e-06   5.06e-06   1.05e-05   9.78e-06   1.36e-05
  337    1e-04   0.0e+00   36  Ar     7.00e-03   8.94e-03   8.34e-03   1.61e-02   1.46e-02   2.33e-02
  338    1e-04   0.0e+00   38  Ar     2.92e-04   1.93e-04   7.28e-05   1.49e-04   8.05e-05   1.17e-04
  339    1e-04   0.0e+00   40  Ar     1.63e-09   2.16e-09   2.50e-09   2.85e-09   3.52e-09   3.88e-09
  340    1e-04   0.0e+00   39  K      3.74e-05   1.96e-05   2.18e-05   2.39e-05   1.64e-05   2.33e-05
  341    1e-04   0.0e+00   40  K      6.38e-09   1.25e-08   9.40e-09   1.25e-08   1.91e-08   2.25e-08
  342    1e-04   0.0e+00   41  K      2.77e-06   1.67e-06   1.32e-06   2.52e-06   2.43e-06   3.52e-06
  343    1e-04   0.0e+00   40  Ca     6.08e-03   7.71e-03   7.53e-03   1.42e-02   1.36e-02   2.11e-02
  344    1e-04   0.0e+00   42  Ca     1.01e-05   3.62e-06   1.58e-06   3.53e-06   1.64e-06   2.60e-06
  345    1e-04   0.0e+00   43  Ca     3.13e-07   3.40e-08   1.96e-07   2.43e-08   3.80e-08   4.64e-08
  346    1e-04   0.0e+00   44  Ca     1.74e-05   4.12e-05   6.70e-05   1.85e-05   2.78e-05   1.20e-05
  347    1e-04   0.0e+00   46  Ca     1.62e-10   2.00e-10   2.54e-10   3.11e-10   3.75e-10   4.29e-10
  348    1e-04   0.0e+00   48  Ca     7.99e-09   9.03e-09   1.23e-08   1.52e-08   1.85e-08   2.10e-08
  349    1e-04   0.0e+00   45  Sc     1.31e-07   7.54e-08   7.66e-08   1.34e-07   1.20e-07   1.85e-07
  350    1e-04   0.0e+00   46  Ti     8.04e-06   2.23e-06   1.40e-06   2.42e-06   1.00e-06   1.60e-06
  351    1e-04   0.0e+00   47  Ti     6.59e-07   1.43e-07   7.30e-07   9.63e-08   8.28e-08   7.80e-08
  352    1e-04   0.0e+00   48  Ti     1.22e-04   1.83e-04   2.07e-04   1.83e-04   1.83e-04   2.22e-04
  353    1e-04   0.0e+00   49  Ti     7.29e-06   4.88e-06   5.52e-06   8.12e-06   5.99e-06   9.27e-06
  354    1e-04   0.0e+00   50  Ti     1.01e-08   1.15e-08   1.77e-08   2.40e-08   3.38e-08   4.32e-08
  355    1e-04   0.0e+00   50  V      2.56e-10   2.86e-10   3.72e-10   7.89e-10   7.75e-10   2.06e-09
  356    1e-04   0.0e+00   51  V      2.10e-05   8.02e-06   1.16e-05   1.30e-05   7.56e-06   1.19e-05
  357    1e-04   0.0e+00   50  Cr     7.65e-05   1.57e-05   2.46e-05   2.54e-05   8.63e-06   1.59e-05
  358    1e-04   0.0e+00   52  Cr     1.76e-03   1.79e-03   1.57e-03   2.84e-03   2.51e-03   4.03e-03
  359    1e-04   0.0e+00   53  Cr     1.72e-04   1.10e-04   1.18e-04   1.81e-04   1.35e-04   2.14e-04
  360    1e-04   0.0e+00   54  Cr     4.32e-08   3.93e-08   6.62e-08   9.43e-08   1.36e-07   1.75e-07
  361    1e-04   0.0e+00   55  Mn     9.35e-04   3.99e-04   5.22e-04   6.50e-04   4.37e-04   7.01e-04
  362    1e-04   0.0e+00   54  Fe     5.58e-03   1.43e-03   2.43e-03   2.42e-03   1.06e-03   1.87e-03
  363    1e-04   0.0e+00   56  Fe     1.00e-01   1.00e-01   1.00e-01   1.00e-01   1.00e-01   1.00e-01
  364    1e-04   0.0e+00   57  Fe     3.37e-03   2.29e-03   2.93e-03   1.54e-03   1.65e-03   7.77e-04
  365    1e-04   0.0e+00   58  Fe     4.15e-07   5.42e-07   1.17e-06   1.89e-06   3.48e-06   5.06e-06
  366    1e-04   0.0e+00   59  Co     2.37e-04   3.50e-05   1.24e-04   1.24e-05   1.53e-05   5.97e-06
  367    1e-04   0.0e+00   58  Ni     8.91e-03   3.11e-04   1.15e-03   3.70e-04   2.76e-04   3.13e-04
  368    1e-04   0.0e+00   60  Ni     1.88e-03   2.35e-03   2.61e-03   1.05e-03   1.33e-03   8.04e-05
  369    1e-04   0.0e+00   61  Ni     1.50e-04   8.92e-05   1.20e-04   3.03e-05   4.09e-05   1.47e-06
  370    1e-04   0.0e+00   62  Ni     1.98e-03   2.08e-04   4.62e-04   5.52e-05   6.59e-05   2.83e-06
  371    1e-04   0.0e+00   64  Ni     4.43e-08   4.94e-08   7.14e-08   8.94e-08   1.14e-07   1.37e-07
  372    1e-04   0.0e+00   63  Cu     3.05e-06   1.68e-05   2.24e-06   1.13e-05   1.25e-05   1.53e-07
  373    1e-04   0.0e+00   65  Cu     1.91e-06   1.00e-06   1.29e-06   3.90e-07   7.05e-07   8.23e-08
  374    1e-04   0.0e+00   64  Zn     1.45e-05   7.01e-05   3.31e-05   3.57e-05   6.38e-05   3.39e-07
  375    1e-04   0.0e+00   66  Zn     5.96e-05   7.71e-06   1.28e-05   1.82e-06   3.24e-06   1.16e-07
  376    1e-04   0.0e+00   67  Zn     1.51e-07   1.34e-08   3.23e-08   1.27e-08   1.73e-08   1.82e-08
  377    1e-04   0.0e+00   68  Zn     1.12e-07   2.93e-08   4.35e-08   5.08e-08   6.48e-08   7.72e-08
  378    1e-04   0.0e+00   70  Zn     7.89e-10   9.57e-10   1.21e-09   1.48e-09   1.76e-09   2.01e-09
  379    1e-04   0.0e+00   69  Ga     2.60e-09   3.03e-09   4.43e-09   5.74e-09   7.53e-09   9.12e-09
  380    1e-04   0.0e+00   71  Ga     1.66e-09   1.90e-09   2.86e-09   3.76e-09   5.02e-09   6.19e-09
  381    1e-04   0.0e+00   70  Ge     2.85e-09   3.36e-09   5.07e-09   7.10e-09   9.27e-09   1.17e-08
  382    1e-04   0.0e+00   72  Ge     3.53e-09   4.10e-09   5.69e-09   7.21e-09   9.23e-09   1.10e-08
  383    1e-04   0.0e+00   73  Ge     1.00e-09   1.13e-09   1.64e-09   2.07e-09   2.64e-09   3.18e-09
  384    1e-04   0.0e+00   74  Ge     4.76e-09   5.39e-09   7.53e-09   9.39e-09   1.15e-08   1.36e-08
  385    1e-04   0.0e+00   76  Ge     1.01e-09   1.16e-09   1.54e-09   1.87e-09   2.19e-09   2.49e-09
  386    1e-04   0.0e+00   75  As     7.09e-10   8.39e-10   1.11e-09   1.37e-09   1.68e-09   1.95e-09
  387    1e-04   0.0e+00   74  Se     6.55e-11   8.93e-11   1.09e-10   1.84e-10   2.05e-10   3.07e-10
  388    1e-04   0.0e+00   76  Se     7.65e-10   8.93e-10   1.32e-09   1.76e-09   2.27e-09   2.76e-09
  389    1e-04   0.0e+00   77  Se     5.48e-10   6.29e-10   9.06e-10   1.14e-09   1.42e-09   1.67e-09
  390    1e-04   0.0e+00   78  Se     1.73e-09   1.96e-09   2.82e-09   3.58e-09   4.50e-09   5.31e-09
  391    1e-04   0.0e+00   80  Se     3.54e-09   4.02e-09   5.37e-09   6.49e-09   7.60e-09   8.58e-09
  392    1e-04   0.0e+00   82  Se     6.84e-10   7.86e-10   1.06e-09   1.32e-09   1.59e-09   1.83e-09
  393    1e-04   0.0e+00   79  Br     6.62e-10   7.52e-10   1.03e-09   1.29e-09   1.56e-09   1.81e-09
  394    1e-04   0.0e+00   81  Br     7.14e-10   8.20e-10   1.14e-09   1.42e-09   1.73e-09   2.01e-09
  395    1e-04   0.0e+00   78  Kr     1.72e-11   2.10e-11   2.60e-11   3.90e-11   4.08e-11   5.92e-11
  396    1e-04   0.0e+00   80  Kr     2.00e-10   2.50e-10   4.03e-10   5.99e-10   8.32e-10   1.07e-09
  397    1e-04   0.0e+00   82  Kr     8.04e-10   9.08e-10   1.57e-09   2.23e-09   3.08e-09   3.85e-09
  398    1e-04   0.0e+00   83  Kr     6.23e-10   7.17e-10   1.06e-09   1.39e-09   1.80e-09   2.17e-09
  399    1e-04   0.0e+00   84  Kr     3.20e-09   3.65e-09   5.17e-09   6.57e-09   8.35e-09   9.99e-09
  400    1e-04   0.0e+00   86  Kr     9.99e-10   1.14e-09   1.58e-09   1.96e-09   2.39e-09   2.76e-09
  401    1e-04   0.0e+00   85  Rb     6.51e-10   7.44e-10   1.02e-09   1.27e-09   1.59e-09   1.88e-09
  402    1e-04   0.0e+00   87  Rb     2.75e-10   3.33e-10   4.37e-10   5.41e-10   6.58e-10   7.60e-10
  403    1e-04   0.0e+00   84  Sr     1.71e-11   2.34e-11   2.64e-11   3.84e-11   4.21e-11   5.68e-11
  404    1e-04   0.0e+00   86  Sr     4.10e-10   4.67e-10   8.25e-10   1.18e-09   1.67e-09   2.19e-09
  405    1e-04   0.0e+00   87  Sr     2.25e-10   2.54e-10   4.39e-10   6.25e-10   9.03e-10   1.17e-09
  406    1e-04   0.0e+00   88  Sr     2.58e-09   2.97e-09   4.20e-09   5.34e-09   6.80e-09   8.17e-09
  407    1e-04   0.0e+00   89  Y      6.22e-10   7.17e-10   1.00e-09   1.29e-09   1.60e-09   1.92e-09
  408    1e-04   0.0e+00   90  Zr     8.18e-10   9.72e-10   1.31e-09   1.68e-09   2.07e-09   2.44e-09
  409    1e-04   0.0e+00   91  Zr     1.73e-10   1.99e-10   2.82e-10   3.57e-10   4.43e-10   5.22e-10
  410    1e-04   0.0e+00   92  Zr     2.69e-10   3.06e-10   4.33e-10   5.47e-10   6.81e-10   8.05e-10
  411    1e-04   0.0e+00   94  Zr     2.71e-10   3.07e-10   4.25e-10   5.31e-10   6.51e-10   7.67e-10
  412    1e-04   0.0e+00   96  Zr     3.75e-11   4.38e-11   5.49e-11   6.61e-11   7.71e-11   8.77e-11
  413    1e-04   0.0e+00   93  Nb     9.42e-11   1.07e-10   1.50e-10   1.88e-10   2.33e-10   2.73e-10
  414    1e-04   0.0e+00   92  Mo     6.03e-11   8.32e-11   1.02e-10   1.32e-10   1.51e-10   1.81e-10
  415    1e-04   0.0e+00   94  Mo     4.93e-11   6.47e-11   9.15e-11   1.22e-10   1.47e-10   1.60e-10
  416    1e-04   0.0e+00   95  Mo     5.66e-11   6.47e-11   8.88e-11   1.09e-10   1.29e-10   1.48e-10
  417    1e-04   0.0e+00   96  Mo     8.52e-11   1.10e-10   1.59e-10   2.11e-10   2.75e-10   3.20e-10
  418    1e-04   0.0e+00   97  Mo     4.53e-11   5.12e-11   8.48e-11   1.32e-10   2.01e-10   2.91e-10
  419    1e-04   0.0e+00   98  Mo     7.80e-09   8.84e-09   1.23e-08   1.54e-08   1.88e-08   2.20e-08
  420    1e-04   2.5e+04    3  H      1.15e-59   1.31e-59   1.81e-59   2.28e-59   2.77e-59   3.23e-59
  421    1e-04   2.5e+04   14  C      1.45e-09   3.97e-09   1.05e-08   2.40e-08   2.52e-08   1.64e-08
  422    1e-04   2.5e+04   22  Na     2.73e-07   2.96e-07   1.17e-06   8.98e-06   2.48e-06   1.51e-05
  423    1e-04   2.5e+04   26  Al     7.00e-07   2.05e-06   1.65e-06   1.87e-06   2.17e-06   2.11e-06
  424    1e-04   2.5e+04   32  Si     2.09e-11   6.04e-11   8.93e-11   4.89e-12   9.86e-12   3.07e-12
  425    1e-04   2.5e+04   36  Cl     5.66e-08   1.56e-07   7.24e-08   4.70e-08   5.73e-08   4.43e-08
  426    1e-04   2.5e+04   39  Ar     1.10e-09   3.03e-09   1.82e-09   1.86e-09   2.64e-09   3.02e-09
  427    1e-04   2.5e+04   41  Ca     2.76e-06   1.65e-06   1.30e-06   2.50e-06   2.39e-06   3.48e-06
  428    1e-04   2.5e+04   45  Ca     1.08e-11   9.77e-11   6.99e-11   1.03e-10   6.66e-11   2.41e-10
  429    1e-04   2.5e+04   44  Ti     1.74e-05   4.12e-05   6.70e-05   1.84e-05   2.77e-05   1.18e-05
  430    1e-04   2.5e+04   49  V      7.27e-06   4.86e-06   5.48e-06   8.07e-06   5.92e-06   9.18e-06
  431    1e-04   2.5e+04   53  Mn     1.72e-04   1.10e-04   1.18e-04   1.81e-04   1.36e-04   2.15e-04
  432    1e-04   2.5e+04   54  Mn     1.06e-08   1.95e-09   1.35e-09   2.45e-09   2.05e-09   2.68e-09
  433    1e-04   2.5e+04   55  Fe     1.72e-04   6.91e-05   8.85e-05   1.13e-04   7.43e-05   1.19e-04
  434    1e-04   2.5e+04   60  Fe     3.10e-11   1.99e-09   1.60e-10   1.45e-10   1.59e-10   2.29e-10
  435    1e-04   2.5e+04   57  Co     1.72e-04   1.15e-04   1.47e-04   7.81e-05   8.39e-05   3.99e-05
  436    1e-04   2.5e+04   60  Co     3.93e-10   3.39e-09   1.41e-09   1.80e-09   2.01e-09   3.95e-09
  437    1e-04   2.5e+04   56  Ni     1.00e-01   1.00e-01   1.00e-01   1.00e-01   1.00e-01   1.00e-01
  438    1e-04   2.5e+04   57  Ni     3.20e-03   2.18e-03   2.78e-03   1.46e-03   1.57e-03   7.28e-04
  439    1e-04   2.5e+04   59  Ni     2.37e-04   3.47e-05   1.24e-04   1.17e-05   1.43e-05   4.63e-06
  440    1e-04   2.5e+04   63  Ni     7.50e-10   1.88e-09   2.95e-09   4.60e-09   7.48e-09   8.89e-09
  441    1e-04   2.5e+04   65  Zn     1.90e-06   9.85e-07   1.26e-06   3.47e-07   6.44e-07   6.52e-09
  442    1e-04   2.5e+04   68  Ge     8.78e-08   1.75e-09   3.90e-09   4.59e-10   6.76e-10   1.73e-10
  443    1e-04   2.5e+04   79  Se     1.13e-11   1.78e-11   5.61e-11   1.11e-10   1.17e-10   1.93e-10
  444    1e-04   2.5e+04   81  Kr     3.29e-11   3.66e-11   9.24e-11   1.37e-10   1.90e-10   2.30e-10
  445    1e-04   2.5e+04   85  Kr     8.36e-12   1.79e-11   3.80e-11   5.40e-11   8.52e-11   9.60e-11
  446    1e-04   2.5e+04   90  Sr     1.78e-14   7.11e-13   8.57e-14   1.06e-13   1.15e-13   1.45e-13
  447    1e-04   2.5e+04   93  Zr     6.14e-12   7.68e-12   2.19e-11   3.56e-11   5.66e-11   7.46e-11
  448    1e-03   0.0e+00    0  ejec   1.16e+01   1.35e+01   1.84e+01   2.29e+01   2.82e+01   3.30e+01
  449    1e-03   0.0e+00    0  remn   1.45e+00   1.53e+00   1.55e+00   2.07e+00   1.80e+00   2.05e+00
  450    1e-03   0.0e+00   56  Ni     1.00e-01   1.00e-01   1.00e-01   1.00e-01   1.00e-01   1.00e-01
  451    1e-03   0.0e+00    1  H      6.76e+00   7.64e+00   9.63e+00   1.14e+01   1.30e+01   1.45e+01
  452    1e-03   0.0e+00    2  H      1.73e-16   1.88e-16   2.29e-16   2.73e-16   3.13e-16   3.43e-16
  453    1e-03   0.0e+00    3  He     1.12e-04   1.07e-04   1.00e-04   9.83e-05   9.90e-05   1.00e-04
  454    1e-03   0.0e+00    4  He     3.81e+00   4.39e+00   5.79e+00   7.11e+00   8.55e+00   1.00e+01
  455    1e-03   0.0e+00    6  Li     3.09e-11   3.32e-11   3.60e-11   3.73e-11   3.74e-11   3.87e-11
  456    1e-03   0.0e+00    7  Li     2.44e-17   1.44e-16   5.85e-14   7.06e-13   1.96e-12   3.57e-12
  457    1e-03   0.0e+00    9  Be     8.48e-12   8.49e-12   9.23e-12   9.77e-12   9.59e-12   9.94e-12
  458    1e-03   0.0e+00   10  B      5.99e-11   6.34e-11   7.01e-11   7.37e-11   7.86e-11   8.10e-11
  459    1e-03   0.0e+00   11  B      4.52e-10   5.01e-10   6.11e-10   7.08e-10   7.98e-10   8.84e-10
  460    1e-03   0.0e+00   12  C      1.07e-01   1.84e-01   2.89e-01   5.30e-01   6.13e-01   8.38e-01
  461    1e-03   0.0e+00   13  C      5.02e-05   5.73e-05   7.37e-05   8.86e-05   1.04e-04   1.20e-04
  462    1e-03   0.0e+00   14  N      2.65e-03   2.99e-03   3.68e-03   4.56e-03   5.63e-03   6.80e-03
  463    1e-03   0.0e+00   15  N      7.68e-07   8.55e-07   1.05e-06   1.33e-06   1.37e-06   1.60e-06
  464    1e-03   0.0e+00   16  O      2.91e-01   5.27e-01   1.41e+00   2.28e+00   3.75e+00   4.88e+00
  465    1e-03   0.0e+00   17  O      1.58e-05   1.61e-05   1.46e-05   1.43e-05   1.17e-05   1.11e-05
  466    1e-03   0.0e+00   18  O      5.38e-05   8.30e-05   7.01e-05   2.24e-05   1.78e-05   1.67e-05
  467    1e-03   0.0e+00   19  F      1.92e-07   2.28e-07   4.77e-07   9.46e-07   9.30e-07   1.30e-06
  468    1e-03   0.0e+00   20  Ne     9.31e-02   1.21e-01   5.42e-01   5.28e-01   1.14e+00   1.32e+00
  469    1e-03   0.0e+00   21  Ne     1.57e-05   2.50e-05   6.93e-05   9.54e-05   1.95e-04   2.11e-04
  470    1e-03   0.0e+00   22  Ne     5.63e-04   9.16e-04   1.95e-03   2.76e-03   3.30e-03   3.69e-03
  471    1e-03   0.0e+00   23  Na     7.20e-04   1.05e-03   3.15e-03   3.61e-03   7.67e-03   8.71e-03
  472    1e-03   0.0e+00   24  Mg     4.52e-02   6.37e-02   1.57e-01   1.52e-01   2.27e-01   2.30e-01
  473    1e-03   0.0e+00   25  Mg     2.87e-04   4.43e-04   1.16e-03   7.74e-04   1.38e-03   1.36e-03
  474    1e-03   0.0e+00   26  Mg     4.46e-04   6.08e-04   1.97e-03   1.38e-03   2.71e-03   2.84e-03
  475    1e-03   0.0e+00   27  Al     1.11e-03   1.52e-03   4.41e-03   3.70e-03   6.71e-03   7.58e-03
  476    1e-03   0.0e+00   28  Si     5.30e-02   1.04e-01   1.05e-01   2.41e-01   1.61e-01   2.22e-01
  477    1e-03   0.0e+00   29  Si     4.08e-04   6.78e-04   8.81e-04   9.94e-04   1.06e-03   9.87e-04
  478    1e-03   0.0e+00   30  Si     3.71e-04   5.84e-04   7.30e-04   6.40e-04   7.51e-04   6.65e-04
  479    1e-03   0.0e+00   31  P      1.46e-04   2.38e-04   2.63e-04   3.36e-04   3.37e-04   3.23e-04
  480    1e-03   0.0e+00   32  S      2.21e-02   4.60e-02   4.43e-02   1.13e-01   6.98e-02   1.07e-01
  481    1e-03   0.0e+00   33  S      6.46e-05   1.22e-04   1.05e-04   2.38e-04   1.77e-04   2.06e-04
  482    1e-03   0.0e+00   34  S      3.84e-04   7.16e-04   5.27e-04   8.33e-04   6.23e-04   6.11e-04
  483    1e-03   0.0e+00   36  S      6.83e-08   8.54e-08   1.12e-07   1.15e-07   1.52e-07   1.61e-07
  484    1e-03   0.0e+00   35  Cl     3.47e-05   5.65e-05   4.00e-05   8.72e-05   6.49e-05   7.46e-05
  485    1e-03   0.0e+00   37  Cl     4.14e-06   8.16e-06   7.04e-06   2.00e-05   1.70e-05   2.15e-05
  486    1e-03   0.0e+00   36  Ar     4.18e-03   8.65e-03   8.66e-03   2.14e-02   1.34e-02   2.12e-02
  487    1e-03   0.0e+00   38  Ar     8.78e-05   1.82e-04   1.08e-04   3.09e-04   1.75e-04   2.10e-04
  488    1e-03   0.0e+00   40  Ar     1.74e-08   2.04e-08   2.91e-08   3.39e-08   4.68e-08   5.60e-08
  489    1e-03   0.0e+00   39  K      3.09e-05   3.02e-05   1.90e-05   3.85e-05   2.84e-05   3.42e-05
  490    1e-03   0.0e+00   40  K      2.85e-08   4.73e-08   1.12e-07   1.73e-07   3.05e-07   3.88e-07
  491    1e-03   0.0e+00   41  K      1.28e-06   2.05e-06   1.98e-06   4.94e-06   4.78e-06   6.17e-06
  492    1e-03   0.0e+00   40  Ca     3.86e-03   7.65e-03   7.93e-03   1.86e-02   1.23e-02   1.88e-02
  493    1e-03   0.0e+00   42  Ca     2.24e-06   3.75e-06   2.98e-06   7.97e-06   6.92e-06   8.80e-06
  494    1e-03   0.0e+00   43  Ca     6.21e-07   3.34e-07   4.10e-07   5.92e-07   1.21e-06   1.63e-06
  495    1e-03   0.0e+00   44  Ca     7.84e-05   5.76e-05   4.64e-05   1.24e-05   4.59e-05   1.57e-05
  496    1e-03   0.0e+00   46  Ca     1.81e-09   2.21e-09   2.66e-09   3.39e-09   4.00e-09   4.82e-09
  497    1e-03   0.0e+00   48  Ca     7.93e-08   9.16e-08   1.24e-07   1.50e-07   1.86e-07   2.14e-07
  498    1e-03   0.0e+00   45  Sc     9.88e-08   1.27e-07   1.74e-07   3.71e-07   5.68e-07   8.82e-07
  499    1e-03   0.0e+00   46  Ti     1.99e-06   2.53e-06   1.49e-06   3.74e-06   2.64e-06   3.23e-06
  500    1e-03   0.0e+00   47  Ti     1.47e-06   9.22e-07   5.35e-07   3.51e-07   4.87e-07   5.32e-07
  501    1e-03   0.0e+00   48  Ti     2.16e-04   1.99e-04   1.77e-04   2.05e-04   2.00e-04   2.02e-04
  502    1e-03   0.0e+00   49  Ti     2.84e-06   5.53e-06   5.58e-06   1.03e-05   6.34e-06   9.99e-06
  503    1e-03   0.0e+00   50  Ti     1.11e-07   1.38e-07   2.86e-07   4.15e-07   7.17e-07   9.39e-07
  504    1e-03   0.0e+00   50  V      1.46e-09   2.24e-09   4.12e-09   6.80e-09   7.65e-09   1.16e-08
  505    1e-03   0.0e+00   51  V      5.17e-06   1.09e-05   1.07e-05   1.72e-05   9.52e-06   1.46e-05
  506    1e-03   0.0e+00   50  Cr     9.31e-06   2.04e-05   2.09e-05   3.08e-05   1.55e-05   2.44e-05
  507    1e-03   0.0e+00   52  Cr     9.45e-04   1.66e-03   1.57e-03   3.61e-03   2.28e-03   3.59e-03
  508    1e-03   0.0e+00   53  Cr     5.90e-05   1.26e-04   1.15e-04   2.29e-04   1.34e-04   2.18e-04
  509    1e-03   0.0e+00   54  Cr     3.57e-07   4.59e-07   9.81e-07   1.40e-06   2.35e-06   3.02e-06
  510    1e-03   0.0e+00   55  Mn     2.55e-04   5.77e-04   4.92e-04   8.79e-04   4.99e-04   7.91e-04
  511    1e-03   0.0e+00   54  Fe     9.53e-04   2.25e-03   2.15e-03   3.15e-03   1.64e-03   2.62e-03
  512    1e-03   0.0e+00   56  Fe     1.00e-01   1.00e-01   1.01e-01   1.01e-01   1.01e-01   1.01e-01
  513    1e-03   0.0e+00   57  Fe     3.68e-03   2.85e-03   2.77e-03   1.13e-03   2.00e-03   1.13e-03
  514    1e-03   0.0e+00   58  Fe     6.76e-06   1.04e-05   3.59e-05   5.74e-05   1.09e-04   1.43e-04
  515    1e-03   0.0e+00   59  Co     2.51e-04   1.50e-04   1.15e-04   3.54e-05   6.02e-05   5.96e-05
  516    1e-03   0.0e+00   58  Ni     3.54e-03   2.03e-03   8.34e-04   5.05e-04   3.56e-04   4.46e-04
  517    1e-03   0.0e+00   60  Ni     3.25e-03   2.31e-03   2.32e-03   2.58e-04   1.82e-03   3.41e-04
  518    1e-03   0.0e+00   61  Ni     1.86e-04   1.13e-04   9.75e-05   9.98e-06   7.19e-05   2.05e-05
  519    1e-03   0.0e+00   62  Ni     1.07e-03   5.44e-04   3.36e-04   2.51e-05   1.68e-04   5.51e-05
  520    1e-03   0.0e+00   64  Ni     4.92e-07   5.86e-07   1.11e-06   1.77e-06   3.67e-06   5.46e-06
  521    1e-03   0.0e+00   63  Cu     3.19e-06   2.03e-06   3.27e-06   2.14e-06   1.43e-05   5.89e-06
  522    1e-03   0.0e+00   65  Cu     2.60e-06   1.47e-06   1.51e-06   1.32e-06   3.73e-06   4.62e-06
  523    1e-03   0.0e+00   64  Zn     3.24e-05   2.18e-05   3.20e-05   3.22e-06   5.98e-05   7.08e-06
  524    1e-03   0.0e+00   66  Zn     3.22e-05   1.44e-05   9.12e-06   1.66e-06   7.86e-06   4.35e-06
  525    1e-03   0.0e+00   67  Zn     1.49e-07   9.89e-08   1.46e-07   2.30e-07   5.00e-07   7.66e-07
  526    1e-03   0.0e+00   68  Zn     2.69e-07   3.08e-07   5.14e-07   8.03e-07   1.59e-06   2.44e-06
  527    1e-03   0.0e+00   70  Zn     7.78e-09   8.92e-09   1.16e-08   1.38e-08   1.61e-08   1.84e-08
  528    1e-03   0.0e+00   69  Ga     2.75e-08   3.40e-08   6.12e-08   1.09e-07   2.11e-07   3.27e-07
  529    1e-03   0.0e+00   71  Ga     1.79e-08   2.20e-08   4.14e-08   6.60e-08   1.37e-07   2.16e-07
  530    1e-03   0.0e+00   70  Ge     3.12e-08   3.98e-08   7.43e-08   1.60e-07   2.73e-07   4.48e-07
  531    1e-03   0.0e+00   72  Ge     3.75e-08   4.54e-08   7.52e-08   1.17e-07   2.09e-07   3.14e-07
  532    1e-03   0.0e+00   73  Ge     1.05e-08   1.25e-08   2.20e-08   3.29e-08   6.08e-08   9.18e-08
  533    1e-03   0.0e+00   74  Ge     4.86e-08   5.70e-08   8.76e-08   1.23e-07   2.04e-07   2.92e-07
  534    1e-03   0.0e+00   76  Ge     9.97e-09   1.13e-08   1.46e-08   1.73e-08   2.01e-08   2.29e-08
  535    1e-03   0.0e+00   75  As     7.29e-09   8.66e-09   1.31e-08   1.93e-08   2.93e-08   4.03e-08
  536    1e-03   0.0e+00   74  Se     7.05e-10   9.61e-10   1.36e-09   4.20e-09   3.97e-09   7.26e-09
  537    1e-03   0.0e+00   76  Se     7.93e-09   9.81e-09   1.67e-08   2.95e-08   5.01e-08   7.59e-08
  538    1e-03   0.0e+00   77  Se     5.56e-09   6.54e-09   1.06e-08   1.51e-08   2.56e-08   3.69e-08
  539    1e-03   0.0e+00   78  Se     1.77e-08   2.08e-08   3.21e-08   4.59e-08   7.50e-08   1.04e-07
  540    1e-03   0.0e+00   80  Se     3.54e-08   4.05e-08   5.19e-08   6.24e-08   7.39e-08   8.49e-08
  541    1e-03   0.0e+00   82  Se     6.75e-09   7.77e-09   1.03e-08   1.23e-08   1.47e-08   1.68e-08
  542    1e-03   0.0e+00   79  Br     6.80e-09   7.91e-09   1.15e-08   1.60e-08   2.33e-08   3.16e-08
  543    1e-03   0.0e+00   81  Br     7.07e-09   8.23e-09   1.15e-08   1.52e-08   2.19e-08   2.90e-08
  544    1e-03   0.0e+00   78  Kr     1.75e-10   2.12e-10   2.69e-10   4.96e-10   4.60e-10   7.56e-10
  545    1e-03   0.0e+00   80  Kr     2.02e-09   2.69e-09   5.09e-09   8.82e-09   1.68e-08   2.54e-08
  546    1e-03   0.0e+00   82  Kr     8.07e-09   9.90e-09   1.80e-08   2.87e-08   5.15e-08   7.59e-08
  547    1e-03   0.0e+00   83  Kr     6.39e-09   7.56e-09   1.20e-08   1.67e-08   2.68e-08   3.72e-08
  548    1e-03   0.0e+00   84  Kr     3.28e-08   3.89e-08   5.99e-08   8.11e-08   1.20e-07   1.60e-07
  549    1e-03   0.0e+00   86  Kr     1.01e-08   1.17e-08   1.59e-08   1.95e-08   2.42e-08   2.83e-08
  550    1e-03   0.0e+00   85  Rb     6.71e-09   7.90e-09   1.18e-08   1.53e-08   2.21e-08   2.87e-08
  551    1e-03   0.0e+00   87  Rb     2.84e-09   3.43e-09   4.62e-09   6.02e-09   7.10e-09   8.41e-09
  552    1e-03   0.0e+00   84  Sr     1.84e-10   2.51e-10   3.07e-10   5.46e-10   5.31e-10   6.59e-10
  553    1e-03   0.0e+00   86  Sr     4.19e-09   5.42e-09   1.19e-08   1.91e-08   3.42e-08   4.91e-08
  554    1e-03   0.0e+00   87  Sr     2.43e-09   3.10e-09   7.21e-09   1.13e-08   2.07e-08   2.93e-08
  555    1e-03   0.0e+00   88  Sr     2.69e-08   3.23e-08   5.39e-08   8.01e-08   1.30e-07   1.76e-07
  556    1e-03   0.0e+00   89  Y      6.38e-09   7.60e-09   1.19e-08   1.78e-08   2.74e-08   3.71e-08
  557    1e-03   0.0e+00   90  Zr     8.21e-09   9.82e-09   1.37e-08   1.91e-08   2.54e-08   3.21e-08
  558    1e-03   0.0e+00   91  Zr     1.74e-09   2.03e-09   2.98e-09   3.86e-09   5.49e-09   7.03e-09
  559    1e-03   0.0e+00   92  Zr     2.70e-09   3.16e-09   4.56e-09   5.88e-09   8.07e-09   1.01e-08
  560    1e-03   0.0e+00   94  Zr     2.72e-09   3.15e-09   4.50e-09   5.71e-09   7.65e-09   9.41e-09
  561    1e-03   0.0e+00   96  Zr     3.75e-10   4.28e-10   5.50e-10   6.68e-10   7.73e-10   8.91e-10
  562    1e-03   0.0e+00   93  Nb     9.52e-10   1.11e-09   1.62e-09   2.04e-09   2.78e-09   3.43e-09
  563    1e-03   0.0e+00   92  Mo     6.18e-10   7.88e-10   9.88e-10   1.49e-09   1.50e-09   1.88e-09
  564    1e-03   0.0e+00   94  Mo     4.90e-10   6.57e-10   9.02e-10   1.33e-09   1.40e-09   1.39e-09
  565    1e-03   0.0e+00   95  Mo     5.59e-10   6.45e-10   8.86e-10   1.10e-09   1.38e-09   1.65e-09
  566    1e-03   0.0e+00   96  Mo     8.64e-10   1.11e-09   1.50e-09   2.39e-09   2.83e-09   3.30e-09
  567    1e-03   0.0e+00   97  Mo     5.11e-10   6.52e-10   1.17e-09   2.19e-09   3.97e-09   5.94e-09
  568    1e-03   0.0e+00   98  Mo     7.74e-08   8.96e-08   1.24e-07   1.52e-07   1.91e-07   2.24e-07
  569    1e-03   2.5e+04    3  H      1.13e-59   1.32e-59   1.81e-59   2.25e-59   2.77e-59   3.24e-59
  570    1e-03   2.5e+04   14  C      2.36e-08   5.46e-08   8.86e-08   1.25e-07   8.87e-08   9.22e-08
  571    1e-03   2.5e+04   22  Na     2.50e-07   2.56e-07   1.69e-06   9.23e-06   2.52e-06   1.36e-05
  572    1e-03   2.5e+04   26  Al     1.09e-06   2.07e-06   2.19e-06   3.59e-06   2.93e-06   3.29e-06
  573    1e-03   2.5e+04   32  Si     5.78e-11   8.47e-11   2.01e-10   3.48e-11   5.90e-11   3.89e-11
  574    1e-03   2.5e+04   36  Cl     1.07e-07   1.84e-07   1.75e-07   2.25e-07   2.91e-07   3.04e-07
  575    1e-03   2.5e+04   39  Ar     1.23e-08   1.74e-08   2.98e-08   3.64e-08   5.10e-08   5.98e-08
  576    1e-03   2.5e+04   41  Ca     1.12e-06   1.86e-06   1.66e-06   4.52e-06   4.15e-06   5.42e-06
  577    1e-03   2.5e+04   45  Ca     4.86e-10   1.24e-09   2.54e-09   9.51e-09   4.13e-09   1.44e-08
  578    1e-03   2.5e+04   44  Ti     7.76e-05   5.66e-05   4.49e-05   1.04e-05   4.25e-05   1.12e-05
  579    1e-03   2.5e+04   49  V      2.72e-06   5.37e-06   5.30e-06   9.99e-06   5.86e-06   9.39e-06
  580    1e-03   2.5e+04   53  Mn     5.81e-05   1.25e-04   1.14e-04   2.27e-04   1.32e-04   2.16e-04
  581    1e-03   2.5e+04   54  Mn     5.67e-09   9.77e-09   1.26e-08   1.95e-08   2.04e-08   2.31e-08
  582    1e-03   2.5e+04   55  Fe     4.26e-05   9.75e-05   8.18e-05   1.49e-04   8.37e-05   1.34e-04
  583    1e-03   2.5e+04   60  Fe     1.12e-08   2.12e-08   1.40e-08   3.24e-08   1.75e-08   3.01e-08
  584    1e-03   2.5e+04   57  Co     1.84e-04   1.42e-04   1.38e-04   5.68e-05   9.91e-05   5.54e-05
  585    1e-03   2.5e+04   60  Co     1.84e-08   4.86e-08   6.46e-08   1.86e-07   1.06e-07   1.96e-07
  586    1e-03   2.5e+04   56  Ni     1.00e-01   1.00e-01   1.00e-01   1.00e-01   1.00e-01   1.00e-01
  587    1e-03   2.5e+04   57  Ni     3.48e-03   2.69e-03   2.60e-03   1.02e-03   1.82e-03   9.85e-04
  588    1e-03   2.5e+04   59  Ni     2.49e-04   1.46e-04   1.04e-04   1.65e-05   2.52e-05   1.41e-05
  589    1e-03   2.5e+04   63  Ni     6.74e-08   9.16e-08   2.24e-07   3.60e-07   7.04e-07   9.70e-07
  590    1e-03   2.5e+04   65  Zn     2.41e-06   1.23e-06   9.16e-07   1.85e-07   9.39e-07   3.83e-07
  591    1e-03   2.5e+04   68  Ge     1.44e-08   5.08e-09   2.73e-09   2.39e-09   2.93e-09   3.64e-09
  592    1e-03   2.5e+04   79  Se     2.71e-10   4.26e-10   1.41e-09   3.59e-09   4.55e-09   1.02e-08
  593    1e-03   2.5e+04   81  Kr     3.16e-10   4.20e-10   1.34e-09   2.25e-09   4.99e-09   7.80e-09
  594    1e-03   2.5e+04   85  Kr     2.87e-10   4.40e-10   1.23e-09   1.74e-09   3.03e-09   4.04e-09
  595    1e-03   2.5e+04   90  Sr     2.50e-12   5.02e-12   6.09e-12   1.43e-11   1.18e-11   2.09e-11
  596    1e-03   2.5e+04   93  Zr     7.06e-11   1.06e-10   3.48e-10   5.19e-10   1.03e-09   1.45e-09
  597    6e-03   0.0e+00    0  ejec   1.16e+01   1.35e+01   1.84e+01   2.32e+01   2.83e+01   3.29e+01
  598    6e-03   0.0e+00    0  remn   1.44e+00   1.46e+00   1.58e+00   1.82e+00   1.72e+00   2.13e+00
  599    6e-03   0.0e+00   56  Ni     1.00e-01   1.00e-01   1.00e-01   1.00e-01   1.00e-01   1.00e-01
  600    6e-03   0.0e+00    1  H      6.57e+00   7.38e+00   9.18e+00   1.08e+01   1.22e+01   1.38e+01
  601    6e-03   0.0e+00    2  H      1.65e-16   1.77e-16   2.06e-16   2.34e-16   2.60e-16   2.88e-16
  602    6e-03   0.0e+00    3  He     2.11e-04   2.20e-04   2.50e-04   2.80e-04   3.12e-04   3.44e-04
  603    6e-03   0.0e+00    4  He     4.10e+00   4.73e+00   6.20e+00   7.60e+00   9.00e+00   1.02e+01
  604    6e-03   0.0e+00    6  Li     2.68e-10   2.85e-10   3.01e-10   3.28e-10   3.51e-10   3.56e-10
  605    6e-03   0.0e+00    7  Li     1.33e-11   1.08e-11   4.94e-12   2.61e-12   2.58e-12   3.29e-12
  606    6e-03   0.0e+00    9  Be     6.86e-11   7.47e-11   8.06e-11   8.60e-11   9.07e-11   9.61e-11
  607    6e-03   0.0e+00   10  B      4.80e-10   5.05e-10   5.65e-10   6.15e-10   6.59e-10   7.05e-10
  608    6e-03   0.0e+00   11  B      3.52e-09   3.90e-09   4.80e-09   5.63e-09   6.42e-09   7.19e-09
  609    6e-03   0.0e+00   12  C      9.89e-02   1.67e-01   3.47e-01   6.28e-01   5.94e-01   9.38e-01
  610    6e-03   0.0e+00   13  C      3.29e-04   3.77e-04   4.84e-04   5.83e-04   6.85e-04   7.86e-04
  611    6e-03   0.0e+00   14  N      1.47e-02   1.68e-02   2.02e-02   2.43e-02   2.90e-02   3.42e-02
  612    6e-03   0.0e+00   15  N      5.46e-06   6.07e-06   7.74e-06   9.15e-06   9.82e-06   1.14e-05
  613    6e-03   0.0e+00   16  O      2.68e-01   5.02e-01   1.38e+00   2.44e+00   3.90e+00   5.20e+00
  614    6e-03   0.0e+00   17  O      3.61e-05   3.60e-05   3.76e-05   4.31e-05   3.80e-05   4.71e-05
  615    6e-03   0.0e+00   18  O      6.08e-04   9.29e-04   7.12e-04   2.49e-04   1.39e-04   1.07e-04
  616    6e-03   0.0e+00   19  F      1.14e-06   1.29e-06   2.74e-06   4.98e-06   6.12e-06   8.96e-06
  617    6e-03   0.0e+00   20  Ne     8.19e-02   1.68e-01   4.79e-01   6.78e-01   1.36e+00   1.34e+00
  618    6e-03   0.0e+00   21  Ne     3.92e-05   7.41e-05   2.04e-04   3.60e-04   4.22e-04   5.21e-04
  619    6e-03   0.0e+00   22  Ne     2.92e-03   4.37e-03   1.17e-02   1.68e-02   2.04e-02   2.28e-02
  620    6e-03   0.0e+00   23  Na     1.24e-03   2.47e-03   7.65e-03   1.24e-02   1.71e-02   2.27e-02
  621    6e-03   0.0e+00   24  Mg     3.89e-02   6.58e-02   1.39e-01   1.24e-01   2.74e-01   2.18e-01
  622    6e-03   0.0e+00   25  Mg     1.19e-03   2.42e-03   5.02e-03   6.02e-03   9.14e-03   9.37e-03
  623    6e-03   0.0e+00   26  Mg     1.44e-03   2.57e-03   5.50e-03   8.33e-03   1.63e-02   1.84e-02
  624    6e-03   0.0e+00   27  Al     1.79e-03   3.57e-03   8.75e-03   1.36e-02   2.75e-02   3.05e-02
  625    6e-03   0.0e+00   28  Si     5.26e-02   1.05e-01   1.62e-01   2.24e-01   1.51e-01   2.56e-01
  626    6e-03   0.0e+00   29  Si     8.92e-04   1.38e-03   2.42e-03   2.26e-03   3.55e-03   3.51e-03
  627    6e-03   0.0e+00   30  Si     1.00e-03   1.45e-03   2.64e-03   2.08e-03   3.62e-03   3.42e-03
  628    6e-03   0.0e+00   31  P      2.89e-04   4.44e-04   7.65e-04   7.69e-04   1.03e-03   1.15e-03
  629    6e-03   0.0e+00   32  S      2.15e-02   5.13e-02   6.63e-02   1.22e-01   6.12e-02   1.21e-01
  630    6e-03   0.0e+00   33  S      1.06e-04   1.83e-04   2.98e-04   4.34e-04   3.17e-04   5.04e-04
  631    6e-03   0.0e+00   34  S      9.70e-04   1.39e-03   2.38e-03   2.29e-03   1.98e-03   3.14e-03
  632    6e-03   0.0e+00   36  S      5.62e-07   7.82e-07   1.32e-06   1.70e-06   2.33e-06   2.28e-06
  633    6e-03   0.0e+00   35  Cl     5.91e-05   1.06e-04   1.39e-04   2.63e-04   1.45e-04   2.56e-04
  634    6e-03   0.0e+00   37  Cl     1.07e-05   2.66e-05   3.94e-05   9.79e-05   7.66e-05   1.09e-04
  635    6e-03   0.0e+00   36  Ar     3.79e-03   9.62e-03   1.11e-02   2.31e-02   1.12e-02   2.23e-02
  636    6e-03   0.0e+00   38  Ar     2.38e-04   6.03e-04   6.66e-04   1.71e-03   5.31e-04   9.80e-04
  637    6e-03   0.0e+00   40  Ar     1.41e-07   1.83e-07   2.88e-07   4.54e-07   6.09e-07   7.20e-07
  638    6e-03   0.0e+00   39  K      4.83e-05   8.47e-05   6.82e-05   2.17e-04   7.48e-05   1.08e-04
  639    6e-03   0.0e+00   40  K      1.48e-07   2.69e-07   7.21e-07   1.25e-06   2.16e-06   2.91e-06
  640    6e-03   0.0e+00   41  K      2.95e-06   7.42e-06   8.45e-06   2.38e-05   1.45e-05   2.08e-05
  641    6e-03   0.0e+00   40  Ca     3.38e-03   8.15e-03   9.27e-03   1.90e-02   1.00e-02   1.90e-02
  642    6e-03   0.0e+00   42  Ca     6.18e-06   2.10e-05   2.05e-05   7.30e-05   3.47e-05   5.09e-05
  643    6e-03   0.0e+00   43  Ca     1.18e-06   1.16e-06   2.94e-06   5.53e-06   9.31e-06   1.12e-05
  644    6e-03   0.0e+00   44  Ca     9.26e-05   4.23e-05   3.76e-05   3.73e-05   7.76e-05   5.38e-05
  645    6e-03   0.0e+00   46  Ca     1.82e-08   3.11e-08   3.38e-08   1.23e-07   7.81e-08   1.17e-07
  646    6e-03   0.0e+00   48  Ca     4.81e-07   5.57e-07   7.47e-07   9.30e-07   1.13e-06   1.30e-06
  647    6e-03   0.0e+00   45  Sc     3.29e-07   6.34e-07   1.33e-06   3.39e-06   5.32e-06   7.06e-06
  648    6e-03   0.0e+00   46  Ti     3.94e-06   1.59e-05   9.30e-06   4.01e-05   1.29e-05   2.07e-05
  649    6e-03   0.0e+00   47  Ti     2.28e-06   1.62e-06   2.17e-06   3.12e-06   4.77e-06   5.76e-06
  650    6e-03   0.0e+00   48  Ti     2.33e-04   1.51e-04   1.53e-04   1.81e-04   2.25e-04   2.22e-04
  651    6e-03   0.0e+00   49  Ti     3.44e-06   8.20e-06   9.86e-06   1.31e-05   1.19e-05   1.80e-05
  652    6e-03   0.0e+00   50  Ti     7.34e-07   9.99e-07   2.11e-06   3.82e-06   6.68e-06   9.02e-06
  653    6e-03   0.0e+00   50  V      1.14e-08   2.07e-08   5.64e-08   9.61e-08   1.08e-07   1.85e-07
  654    6e-03   0.0e+00   51  V      7.40e-06   2.18e-05   2.46e-05   2.89e-05   1.92e-05   3.10e-05
  655    6e-03   0.0e+00   50  Cr     2.10e-05   1.02e-04   8.58e-05   1.13e-04   4.88e-05   7.65e-05
  656    6e-03   0.0e+00   52  Cr     8.80e-04   1.62e-03   1.95e-03   2.84e-03   2.31e-03   3.79e-03
  657    6e-03   0.0e+00   53  Cr     6.11e-05   1.73e-04   1.99e-04   2.45e-04   1.87e-04   2.94e-04
  658    6e-03   0.0e+00   54  Cr     2.24e-06   3.16e-06   6.53e-06   1.05e-05   1.62e-05   1.98e-05
  659    6e-03   0.0e+00   55  Mn     2.93e-04   9.53e-04   1.10e-03   1.25e-03   8.31e-04   1.42e-03
  660    6e-03   0.0e+00   54  Fe     1.72e-03   7.07e-03   7.23e-03   7.41e-03   4.37e-03   6.96e-03
  661    6e-03   0.0e+00   56  Fe     1.04e-01   1.04e-01   1.06e-01   1.07e-01   1.08e-01   1.09e-01
  662    6e-03   0.0e+00   57  Fe     3.93e-03   3.20e-03   2.78e-03   2.09e-03   2.89e-03   1.66e-03
  663    6e-03   0.0e+00   58  Fe     5.07e-05   9.26e-05   2.60e-04   4.42e-04   7.13e-04   8.58e-04
  664    6e-03   0.0e+00   59  Co     2.94e-04   2.15e-04   2.27e-04   2.67e-04   3.90e-04   3.74e-04
  665    6e-03   0.0e+00   58  Ni     3.64e-03   3.51e-03   2.93e-03   1.57e-03   1.41e-03   1.28e-03
  666    6e-03   0.0e+00   60  Ni     3.60e-03   2.05e-03   1.66e-03   1.06e-03   2.22e-03   6.36e-04
  667    6e-03   0.0e+00   61  Ni     2.10e-04   1.04e-04   1.02e-04   9.27e-05   1.95e-04   1.43e-04
  668    6e-03   0.0e+00   62  Ni     1.24e-03   6.51e-04   5.13e-04   3.51e-04   6.90e-04   5.62e-04
  669    6e-03   0.0e+00   64  Ni     4.32e-06   5.93e-06   1.56e-05   3.67e-05   7.37e-05   1.03e-04
  670    6e-03   0.0e+00   63  Cu     7.43e-06   6.65e-06   1.41e-05   3.97e-05   6.16e-05   7.95e-05
  671    6e-03   0.0e+00   65  Cu     4.47e-06   3.41e-06   1.02e-05   2.37e-05   5.55e-05   8.18e-05
  672    6e-03   0.0e+00   64  Zn     4.44e-05   1.88e-05   1.91e-05   2.28e-05   5.79e-05   5.36e-05
  673    6e-03   0.0e+00   66  Zn     4.22e-05   1.75e-05   1.95e-05   3.02e-05   6.12e-05   8.31e-05
  674    6e-03   0.0e+00   67  Zn     5.40e-07   6.16e-07   1.93e-06   6.33e-06   1.35e-05   1.96e-05
  675    6e-03   0.0e+00   68  Zn     1.91e-06   2.55e-06   7.01e-06   2.05e-05   4.34e-05   6.70e-05
  676    6e-03   0.0e+00   70  Zn     4.87e-08   5.81e-08   9.13e-08   1.73e-07   1.67e-07   2.70e-07
  677    6e-03   0.0e+00   69  Ga     2.08e-07   2.94e-07   8.77e-07   2.83e-06   5.63e-06   9.00e-06
  678    6e-03   0.0e+00   71  Ga     1.49e-07   2.08e-07   6.97e-07   2.04e-06   4.70e-06   7.47e-06
  679    6e-03   0.0e+00   70  Ge     2.36e-07   3.33e-07   1.02e-06   3.50e-06   6.92e-06   1.16e-05
  680    6e-03   0.0e+00   72  Ge     2.83e-07   3.83e-07   1.01e-06   2.96e-06   6.15e-06   1.04e-05
  681    6e-03   0.0e+00   73  Ge     7.77e-08   1.04e-07   2.72e-07   9.18e-07   2.07e-06   3.34e-06
  682    6e-03   0.0e+00   74  Ge     3.42e-07   4.32e-07   9.20e-07   2.46e-06   5.21e-06   8.73e-06
  683    6e-03   0.0e+00   76  Ge     6.07e-08   6.98e-08   9.19e-08   1.29e-07   1.41e-07   1.85e-07
  684    6e-03   0.0e+00   75  As     5.09e-08   6.63e-08   1.51e-07   4.39e-07   7.65e-07   1.30e-06
  685    6e-03   0.0e+00   74  Se     4.67e-09   6.61e-09   1.69e-08   5.60e-08   3.44e-08   1.42e-07
  686    6e-03   0.0e+00   76  Se     5.80e-08   7.72e-08   1.90e-07   5.70e-07   1.19e-06   2.20e-06
  687    6e-03   0.0e+00   77  Se     3.93e-08   5.15e-08   1.18e-07   3.58e-07   7.51e-07   1.27e-06
  688    6e-03   0.0e+00   78  Se     1.20e-07   1.49e-07   3.04e-07   7.69e-07   1.75e-06   2.92e-06
  689    6e-03   0.0e+00   80  Se     2.32e-07   2.78e-07   4.03e-07   8.78e-07   1.10e-06   1.61e-06
  690    6e-03   0.0e+00   82  Se     4.10e-08   4.75e-08   6.32e-08   8.43e-08   9.04e-08   1.14e-07
  691    6e-03   0.0e+00   79  Br     4.60e-08   5.83e-08   1.08e-07   3.27e-07   6.16e-07   1.08e-06
  692    6e-03   0.0e+00   81  Br     4.52e-08   5.32e-08   8.86e-08   1.82e-07   3.50e-07   5.18e-07
  693    6e-03   0.0e+00   78  Kr     1.07e-09   1.26e-09   1.87e-09   3.80e-09   3.12e-09   7.02e-09
  694    6e-03   0.0e+00   80  Kr     1.31e-08   1.59e-08   4.93e-08   8.94e-08   3.18e-07   4.80e-07
  695    6e-03   0.0e+00   82  Kr     5.23e-08   6.48e-08   1.51e-07   3.45e-07   1.02e-06   1.80e-06
  696    6e-03   0.0e+00   83  Kr     4.13e-08   5.06e-08   1.02e-07   2.25e-07   5.62e-07   9.71e-07
  697    6e-03   0.0e+00   84  Kr     2.09e-07   2.55e-07   4.67e-07   9.40e-07   2.13e-06   3.52e-06
  698    6e-03   0.0e+00   86  Kr     6.83e-08   8.24e-08   1.27e-07   2.19e-07   2.86e-07   3.84e-07
  699    6e-03   0.0e+00   85  Rb     4.46e-08   5.53e-08   9.93e-08   2.26e-07   4.50e-07   7.02e-07
  700    6e-03   0.0e+00   87  Rb     2.07e-08   2.83e-08   5.12e-08   1.17e-07   1.30e-07   2.77e-07
  701    6e-03   0.0e+00   84  Sr     1.17e-09   1.43e-09   2.38e-09   6.75e-09   4.33e-09   9.36e-09
  702    6e-03   0.0e+00   86  Sr     2.58e-08   3.47e-08   9.07e-08   1.90e-07   5.57e-07   1.01e-06
  703    6e-03   0.0e+00   87  Sr     1.53e-08   2.10e-08   5.59e-08   1.27e-07   3.60e-07   6.28e-07
  704    6e-03   0.0e+00   88  Sr     1.75e-07   2.24e-07   4.56e-07   9.15e-07   1.84e-06   2.98e-06
  705    6e-03   0.0e+00   89  Y      4.08e-08   5.06e-08   9.62e-08   1.92e-07   3.56e-07   5.52e-07
  706    6e-03   0.0e+00   90  Zr     5.05e-08   6.13e-08   9.72e-08   1.82e-07   2.49e-07   3.62e-07
  707    6e-03   0.0e+00   91  Zr     1.08e-08   1.31e-08   2.15e-08   4.04e-08   6.63e-08   9.51e-08
  708    6e-03   0.0e+00   92  Zr     1.68e-08   2.01e-08   3.14e-08   5.14e-08   8.23e-08   1.15e-07
  709    6e-03   0.0e+00   94  Zr     1.67e-08   1.97e-08   2.87e-08   4.26e-08   6.42e-08   8.65e-08
  710    6e-03   0.0e+00   96  Zr     2.37e-09   2.80e-09   3.50e-09   6.17e-09   5.68e-09   7.58e-09
  711    6e-03   0.0e+00   93  Nb     5.93e-09   7.12e-09   1.11e-08   1.87e-08   3.01e-08   4.07e-08
  712    6e-03   0.0e+00   92  Mo     3.69e-09   4.45e-09   6.79e-09   8.00e-09   9.22e-09   1.14e-08
  713    6e-03   0.0e+00   94  Mo     2.88e-09   3.72e-09   5.80e-09   7.16e-09   8.49e-09   9.36e-09
  714    6e-03   0.0e+00   95  Mo     3.43e-09   4.10e-09   5.66e-09   8.92e-09   1.15e-08   1.61e-08
  715    6e-03   0.0e+00   96  Mo     5.07e-09   6.60e-09   1.06e-08   1.40e-08   2.00e-08   2.49e-08
  716    6e-03   0.0e+00   97  Mo     3.31e-09   4.15e-09   7.67e-09   1.29e-08   2.68e-08   4.31e-08
  717    6e-03   0.0e+00   98  Mo     4.68e-07   5.46e-07   7.48e-07   9.58e-07   1.20e-06   1.40e-06
  718    6e-03   2.5e+04    3  H      1.14e-59   1.34e-59   1.82e-59   2.29e-59   2.79e-59   3.25e-59
  719    6e-03   2.5e+04   14  C      6.62e-08   2.27e-07   8.57e-07   1.71e-06   4.73e-07   1.01e-06
  720    6e-03   2.5e+04   22  Na     2.12e-07   1.21e-06   9.89e-07   9.39e-06   4.50e-06   1.50e-05
  721    6e-03   2.5e+04   26  Al     2.61e-06   4.42e-06   8.30e-06   9.76e-06   7.40e-06   1.22e-05
  722    6e-03   2.5e+04   32  Si     1.26e-09   2.34e-09   3.17e-09   4.57e-09   8.68e-09   4.76e-09
  723    6e-03   2.5e+04   36  Cl     4.52e-07   7.41e-07   1.33e-06   1.58e-06   2.30e-06   2.86e-06
  724    6e-03   2.5e+04   39  Ar     1.47e-07   2.58e-07   5.53e-07   1.05e-06   1.12e-06   1.22e-06
  725    6e-03   2.5e+04   41  Ca     1.93e-06   6.13e-06   6.26e-06   2.05e-05   9.70e-06   1.48e-05
  726    6e-03   2.5e+04   45  Ca     8.86e-09   5.76e-08   5.81e-08   4.36e-07   3.00e-07   6.97e-07
  727    6e-03   2.5e+04   44  Ti     8.72e-05   3.58e-05   2.58e-05   1.64e-05   4.35e-05   1.02e-05
  728    6e-03   2.5e+04   49  V      2.73e-06   6.60e-06   8.32e-06   1.07e-05   7.99e-06   1.25e-05
  729    6e-03   2.5e+04   53  Mn     5.52e-05   1.67e-04   1.90e-04   2.35e-04   1.75e-04   2.80e-04
  730    6e-03   2.5e+04   54  Mn     3.39e-08   6.51e-08   9.48e-08   1.13e-07   1.09e-07   1.54e-07
  731    6e-03   2.5e+04   55  Fe     4.57e-05   9.44e-05   1.87e-04   2.26e-04   1.37e-04   2.42e-04
  732    6e-03   2.5e+04   60  Fe     3.20e-07   8.30e-07   5.82e-07   3.26e-06   1.11e-06   2.02e-06
  733    6e-03   2.5e+04   57  Co     1.92e-04   6.54e-05   1.31e-04   9.56e-05   1.30e-04   6.53e-05
  734    6e-03   2.5e+04   60  Co     3.83e-07   1.10e-06   1.75e-06   4.20e-06   2.65e-06   5.55e-06
  735    6e-03   2.5e+04   56  Ni     1.00e-01   1.00e-01   1.00e-01   1.00e-01   1.00e-01   1.00e-01
  736    6e-03   2.5e+04   57  Ni     3.62e-03   2.99e-03   2.41e-03   1.68e-03   2.37e-03   1.14e-03
  737    6e-03   2.5e+04   59  Ni     2.68e-04   1.71e-04   1.13e-04   6.50e-05   9.16e-05   2.62e-05
  738    6e-03   2.5e+04   63  Ni     1.42e-06   2.58e-06   6.20e-06   2.70e-05   3.15e-05   3.95e-05
  739    6e-03   2.5e+04   65  Zn     2.86e-06   1.04e-06   1.14e-06   2.63e-06   4.35e-06   7.94e-06
  740    6e-03   2.5e+04   68  Ge     2.12e-08   7.11e-09   4.07e-09   5.31e-09   4.42e-09   7.60e-09
  741    6e-03   2.5e+04   79  Se     5.06e-09   1.28e-08   3.80e-08   2.38e-07   3.98e-07   8.67e-07
  742    6e-03   2.5e+04   81  Kr     2.00e-09   2.29e-09   1.30e-08   2.58e-08   1.38e-07   1.98e-07
  743    6e-03   2.5e+04   85  Kr     5.06e-09   9.25e-09   2.96e-08   1.17e-07   2.30e-07   3.55e-07
  744    6e-03   2.5e+04   90  Sr     1.11e-10   3.16e-10   4.29e-10   4.04e-09   2.09e-09   5.21e-09
  745    6e-03   2.5e+04   93  Zr     5.39e-10   1.00e-09   3.38e-09   9.63e-09   1.96e-08   2.88e-08
  746    2e-02   0.0e+00    0  ejec   1.16e+01   1.34e+01   1.84e+01   2.32e+01   2.83e+01   3.29e+01
  747    2e-02   0.0e+00    0  remn   1.42e+00   1.63e+00   1.61e+00   1.80e+00   1.73e+00   2.10e+00
  748    2e-02   0.0e+00   56  Ni     1.00e-01   1.00e-01   1.00e-01   1.00e-01   1.00e-01   1.00e-01
  749    2e-02   0.0e+00    1  H      6.22e+00   7.02e+00   8.73e+00   1.02e+01   1.18e+01   1.32e+01
  750    2e-02   0.0e+00    2  H      1.55e-16   1.63e-16   1.89e-16   2.17e-16   2.42e-16   2.64e-16
  751    2e-02   0.0e+00    3  He     4.83e-04   5.63e-04   6.90e-04   8.08e-04   9.26e-04   1.04e-03
  752    2e-02   0.0e+00    4  He     4.37e+00   4.92e+00   6.47e+00   7.87e+00   9.22e+00   1.05e+01
  753    2e-02   0.0e+00    6  Li     7.29e-10   1.07e-09   1.18e-09   1.30e-09   1.37e-09   1.41e-09
  754    2e-02   0.0e+00    7  Li     5.52e-11   1.33e-10   1.03e-10   7.12e-11   4.84e-11   3.25e-11
  755    2e-02   0.0e+00    9  Be     1.94e-10   2.75e-10   3.06e-10   3.35e-10   3.52e-10   3.79e-10
  756    2e-02   0.0e+00   10  B      1.32e-09   1.85e-09   2.11e-09   2.31e-09   2.51e-09   2.70e-09
  757    2e-02   0.0e+00   11  B      1.16e-08   1.46e-08   1.82e-08   2.14e-08   2.46e-08   2.76e-08
  758    2e-02   0.0e+00   12  C      1.06e-01   2.05e-01   3.15e-01   6.07e-01   6.45e-01   9.37e-01
  759    2e-02   0.0e+00   13  C      1.16e-03   1.31e-03   1.69e-03   2.03e-03   2.39e-03   2.71e-03
  760    2e-02   0.0e+00   14  N      4.62e-02   5.07e-02   6.22e-02   7.19e-02   8.57e-02   1.02e-01
  761    2e-02   0.0e+00   15  N      1.82e-05   2.19e-05   3.00e-05   3.44e-05   3.65e-05   4.18e-05
  762    2e-02   0.0e+00   16  O      3.05e-01   5.16e-01   1.38e+00   2.44e+00   3.89e+00   5.22e+00
  763    2e-02   0.0e+00   17  O      1.66e-04   1.55e-04   1.38e-04   1.47e-04   1.52e-04   1.72e-04
  764    2e-02   0.0e+00   18  O      3.40e-03   4.19e-03   5.72e-03   3.71e-03   9.94e-04   5.07e-04
  765    2e-02   0.0e+00   19  F      3.54e-06   4.19e-06   7.62e-06   1.49e-05   2.19e-05   2.69e-05
  766    2e-02   0.0e+00   20  Ne     5.59e-02   3.60e-02   5.35e-01   7.17e-01   1.30e+00   1.29e+00
  767    2e-02   0.0e+00   21  Ne     6.25e-05   8.70e-05   4.32e-04   7.81e-04   9.40e-04   1.08e-03
  768    2e-02   0.0e+00   22  Ne     8.59e-03   1.30e-02   3.01e-02   5.12e-02   6.59e-02   7.09e-02
  769    2e-02   0.0e+00   23  Na     1.25e-03   1.38e-03   1.30e-02   2.42e-02   3.98e-02   4.54e-02
  770    2e-02   0.0e+00   24  Mg     3.66e-02   3.39e-02   1.33e-01   1.29e-01   2.21e-01   1.95e-01
  771    2e-02   0.0e+00   25  Mg     2.65e-03   2.06e-03   1.76e-02   2.35e-02   3.20e-02   3.49e-02
  772    2e-02   0.0e+00   26  Mg     3.45e-03   4.11e-03   1.83e-02   3.07e-02   5.23e-02   7.12e-02
  773    2e-02   0.0e+00   27  Al     2.28e-03   1.73e-03   1.88e-02   3.09e-02   5.79e-02   6.90e-02
  774    2e-02   0.0e+00   28  Si     6.78e-02   1.31e-01   1.56e-01   2.45e-01   1.90e-01   2.77e-01
  775    2e-02   0.0e+00   29  Si     2.46e-03   3.45e-03   5.66e-03   6.79e-03   9.11e-03   1.09e-02
  776    2e-02   0.0e+00   30  Si     2.96e-03   4.07e-03   6.07e-03   6.55e-03   9.93e-03   1.09e-02
  777    2e-02   0.0e+00   31  P      6.17e-04   1.01e-03   1.41e-03   1.78e-03   2.39e-03   2.86e-03
  778    2e-02   0.0e+00   32  S      2.79e-02   6.06e-02   6.62e-02   1.24e-01   7.80e-02   1.26e-01
  779    2e-02   0.0e+00   33  S      1.98e-04   3.95e-04   4.49e-04   7.67e-04   7.38e-04   1.00e-03
  780    2e-02   0.0e+00   34  S      2.26e-03   4.73e-03   4.64e-03   6.16e-03   6.74e-03   9.27e-03
  781    2e-02   0.0e+00   36  S      3.40e-06   6.03e-06   9.13e-06   1.22e-05   1.74e-05   1.93e-05
  782    2e-02   0.0e+00   35  Cl     9.20e-05   1.88e-04   2.12e-04   4.45e-04   3.47e-04   4.93e-04
  783    2e-02   0.0e+00   37  Cl     2.95e-05   4.78e-05   1.15e-04   2.46e-04   2.94e-04   3.84e-04
  784    2e-02   0.0e+00   36  Ar     4.65e-03   9.99e-03   1.08e-02   2.13e-02   1.27e-02   2.08e-02
  785    2e-02   0.0e+00   38  Ar     7.01e-04   1.59e-03   1.39e-03   3.92e-03   2.14e-03   3.09e-03
  786    2e-02   0.0e+00   40  Ar     5.79e-07   1.12e-06   1.99e-06   2.95e-06   3.59e-06   4.40e-06
  787    2e-02   0.0e+00   39  K      9.43e-05   1.10e-04   1.45e-04   3.67e-04   2.01e-04   2.61e-04
  788    2e-02   0.0e+00   40  K      4.20e-07   6.46e-07   2.00e-06   3.63e-06   6.26e-06   8.27e-06
  789    2e-02   0.0e+00   41  K      7.23e-06   1.06e-05   1.99e-05   4.39e-05   4.00e-05   5.21e-05
  790    2e-02   0.0e+00   40  Ca     3.99e-03   8.23e-03   8.56e-03   1.64e-02   1.06e-02   1.66e-02
  791    2e-02   0.0e+00   42  Ca     1.86e-05   3.79e-05   5.27e-05   1.70e-04   1.15e-04   1.61e-04
  792    2e-02   0.0e+00   43  Ca     2.96e-06   2.78e-06   9.86e-06   1.78e-05   2.91e-05   3.68e-05
  793    2e-02   0.0e+00   44  Ca     1.09e-04   6.37e-05   8.53e-05   1.00e-04   1.54e-04   1.68e-04
  794    2e-02   0.0e+00   46  Ca     1.00e-07   7.67e-07   5.41e-07   2.10e-06   1.22e-06   2.37e-06
  795    2e-02   0.0e+00   48  Ca     1.60e-06   1.89e-06   2.49e-06   3.11e-06   3.78e-06   4.35e-06
  796    2e-02   0.0e+00   45  Sc     1.03e-06   1.87e-06   5.42e-06   1.26e-05   1.79e-05   2.55e-05
  797    2e-02   0.0e+00   46  Ti     9.72e-06   1.69e-05   2.48e-05   8.26e-05   4.59e-05   6.49e-05
  798    2e-02   0.0e+00   47  Ti     5.10e-06   5.11e-06   7.49e-06   1.18e-05   1.78e-05   2.28e-05
  799    2e-02   0.0e+00   48  Ti     2.52e-04   2.06e-04   1.81e-04   2.04e-04   2.30e-04   2.45e-04
  800    2e-02   0.0e+00   49  Ti     6.66e-06   1.26e-05   1.52e-05   2.31e-05   2.68e-05   3.86e-05
  801    2e-02   0.0e+00   50  Ti     2.58e-06   3.36e-06   8.66e-06   1.59e-05   2.75e-05   3.84e-05
  802    2e-02   0.0e+00   50  V      3.88e-08   1.31e-07   2.01e-07   4.02e-07   4.52e-07   6.90e-07
  803    2e-02   0.0e+00   51  V      1.75e-05   3.35e-05   3.60e-05   5.15e-05   4.11e-05   6.30e-05
  804    2e-02   0.0e+00   50  Cr     6.54e-05   1.32e-04   1.77e-04   2.53e-04   1.36e-04   2.26e-04
  805    2e-02   0.0e+00   52  Cr     1.10e-03   2.04e-03   1.78e-03   2.61e-03   2.49e-03   3.55e-03
  806    2e-02   0.0e+00   53  Cr     1.13e-04   2.42e-04   2.37e-04   3.31e-04   2.82e-04   4.12e-04
  807    2e-02   0.0e+00   54  Cr     7.55e-06   9.44e-06   2.28e-05   3.59e-05   5.32e-05   6.56e-05
  808    2e-02   0.0e+00   55  Mn     6.56e-04   1.36e-03   1.34e-03   1.95e-03   1.64e-03   2.45e-03
  809    2e-02   0.0e+00   54  Fe     5.03e-03   1.05e-02   1.22e-02   1.63e-02   1.13e-02   1.79e-02
  810    2e-02   0.0e+00   56  Fe     1.13e-01   1.15e-01   1.20e-01   1.24e-01   1.28e-01   1.31e-01
  811    2e-02   0.0e+00   57  Fe     4.69e-03   3.50e-03   4.09e-03   3.53e-03   3.86e-03   3.26e-03
  812    2e-02   0.0e+00   58  Fe     1.76e-04   2.28e-04   8.75e-04   1.40e-03   2.16e-03   2.66e-03
  813    2e-02   0.0e+00   59  Co     4.49e-04   2.98e-04   6.52e-04   9.04e-04   1.21e-03   1.33e-03
  814    2e-02   0.0e+00   58  Ni     8.01e-03   5.02e-03   6.20e-03   4.75e-03   4.74e-03   3.95e-03
  815    2e-02   0.0e+00   60  Ni     3.45e-03   2.29e-03   2.31e-03   1.94e-03   2.55e-03   1.74e-03
  816    2e-02   0.0e+00   61  Ni     2.46e-04   1.80e-04   2.22e-04   2.85e-04   4.47e-04   4.94e-04
  817    2e-02   0.0e+00   62  Ni     1.93e-03   9.10e-04   1.13e-03   1.30e-03   2.03e-03   2.13e-03
  818    2e-02   0.0e+00   64  Ni     1.88e-05   3.08e-05   1.00e-04   2.16e-04   3.64e-04   4.93e-04
  819    2e-02   0.0e+00   63  Cu     1.82e-05   1.92e-05   8.67e-05   2.22e-04   3.03e-04   4.06e-04
  820    2e-02   0.0e+00   65  Cu     1.08e-05   2.06e-05   4.40e-05   9.20e-05   2.03e-04   2.92e-04
  821    2e-02   0.0e+00   64  Zn     3.87e-05   2.74e-05   3.64e-05   5.16e-05   1.10e-04   1.40e-04
  822    2e-02   0.0e+00   66  Zn     6.38e-05   3.46e-05   5.66e-05   1.05e-04   2.13e-04   3.10e-04
  823    2e-02   0.0e+00   67  Zn     1.82e-06   1.75e-06   1.09e-05   2.67e-05   5.88e-05   9.12e-05
  824    2e-02   0.0e+00   68  Zn     8.23e-06   1.03e-05   4.39e-05   1.14e-04   2.30e-04   3.50e-04
  825    2e-02   0.0e+00   70  Zn     2.48e-07   9.13e-07   1.08e-06   3.30e-06   3.51e-06   7.33e-06
  826    2e-02   0.0e+00   69  Ga     8.32e-07   1.08e-06   5.10e-06   1.46e-05   2.78e-05   4.34e-05
  827    2e-02   0.0e+00   71  Ga     7.62e-07   1.29e-06   4.84e-06   1.27e-05   2.76e-05   3.89e-05
  828    2e-02   0.0e+00   70  Ge     8.79e-07   1.13e-06   5.60e-06   1.67e-05   3.42e-05   5.21e-05
  829    2e-02   0.0e+00   72  Ge     1.21e-06   1.52e-06   6.44e-06   1.78e-05   3.27e-05   5.25e-05
  830    2e-02   0.0e+00   73  Ge     3.11e-07   2.96e-07   2.15e-06   6.28e-06   1.21e-05   1.95e-05
  831    2e-02   0.0e+00   74  Ge     1.48e-06   1.73e-06   6.94e-06   1.87e-05   3.40e-05   5.42e-05
  832    2e-02   0.0e+00   76  Ge     2.35e-07   3.72e-07   5.95e-07   1.60e-06   1.52e-06   3.11e-06
  833    2e-02   0.0e+00   75  As     2.17e-07   2.85e-07   1.07e-06   3.29e-06   4.60e-06   8.11e-06
  834    2e-02   0.0e+00   74  Se     1.97e-08   3.84e-08   7.34e-08   1.88e-07   1.57e-07   3.43e-07
  835    2e-02   0.0e+00   76  Se     2.33e-07   2.90e-07   1.22e-06   3.38e-06   6.93e-06   1.08e-05
  836    2e-02   0.0e+00   77  Se     1.92e-07   2.86e-07   1.11e-06   3.43e-06   4.98e-06   8.60e-06
  837    2e-02   0.0e+00   78  Se     4.62e-07   5.08e-07   1.92e-06   5.10e-06   1.01e-05   1.57e-05
  838    2e-02   0.0e+00   80  Se     8.91e-07   9.61e-07   3.10e-06   8.04e-06   1.07e-05   1.66e-05
  839    2e-02   0.0e+00   82  Se     1.57e-07   2.37e-07   4.19e-07   1.02e-06   1.02e-06   1.86e-06
  840    2e-02   0.0e+00   79  Br     1.71e-07   1.73e-07   9.14e-07   2.59e-06   4.08e-06   7.44e-06
  841    2e-02   0.0e+00   81  Br     1.70e-07   1.93e-07   5.64e-07   1.51e-06   2.42e-06   3.28e-06
  842    2e-02   0.0e+00   78  Kr     4.02e-09   5.29e-09   7.67e-09   1.46e-08   1.38e-08   2.09e-08
  843    2e-02   0.0e+00   80  Kr     6.16e-08   8.46e-08   1.89e-07   3.79e-07   1.66e-06   1.50e-06
  844    2e-02   0.0e+00   82  Kr     1.93e-07   2.14e-07   8.12e-07   2.04e-06   5.37e-06   7.43e-06
  845    2e-02   0.0e+00   83  Kr     1.60e-07   2.02e-07   6.29e-07   1.61e-06   3.07e-06   4.69e-06
  846    2e-02   0.0e+00   84  Kr     7.42e-07   8.02e-07   2.51e-06   5.07e-06   1.10e-05   1.79e-05
  847    2e-02   0.0e+00   86  Kr     2.90e-07   3.80e-07   1.13e-06   2.32e-06   3.35e-06   4.57e-06
  848    2e-02   0.0e+00   85  Rb     1.64e-07   1.67e-07   7.24e-07   1.53e-06   3.03e-06   4.91e-06
  849    2e-02   0.0e+00   87  Rb     1.09e-07   1.71e-07   4.97e-07   1.24e-06   1.55e-06   3.08e-06
  850    2e-02   0.0e+00   84  Sr     4.37e-09   7.76e-09   9.60e-09   2.73e-08   1.99e-08   3.53e-08
  851    2e-02   0.0e+00   86  Sr     9.43e-08   1.08e-07   3.90e-07   7.25e-07   2.35e-06   3.99e-06
  852    2e-02   0.0e+00   87  Sr     5.26e-08   5.65e-08   2.35e-07   4.24e-07   1.49e-06   2.62e-06
  853    2e-02   0.0e+00   88  Sr     6.45e-07   7.88e-07   1.98e-06   3.98e-06   8.79e-06   1.50e-05
  854    2e-02   0.0e+00   89  Y      1.44e-07   1.73e-07   4.06e-07   8.54e-07   1.68e-06   2.72e-06
  855    2e-02   0.0e+00   90  Zr     1.75e-07   2.28e-07   3.64e-07   7.23e-07   1.05e-06   1.55e-06
  856    2e-02   0.0e+00   91  Zr     3.80e-08   5.46e-08   9.65e-08   2.17e-07   3.29e-07   5.38e-07
  857    2e-02   0.0e+00   92  Zr     5.76e-08   6.55e-08   1.24e-07   2.11e-07   3.76e-07   5.26e-07
  858    2e-02   0.0e+00   94  Zr     5.69e-08   6.48e-08   1.10e-07   1.75e-07   2.73e-07   3.80e-07
  859    2e-02   0.0e+00   96  Zr     8.26e-09   1.32e-08   1.83e-08   5.05e-08   3.70e-08   7.15e-08
  860    2e-02   0.0e+00   93  Nb     2.02e-08   2.26e-08   4.77e-08   8.52e-08   1.47e-07   2.07e-07
  861    2e-02   0.0e+00   92  Mo     1.26e-08   1.69e-08   2.07e-08   2.80e-08   3.38e-08   4.00e-08
  862    2e-02   0.0e+00   94  Mo     9.88e-09   1.39e-08   1.84e-08   2.30e-08   2.70e-08   3.22e-08
  863    2e-02   0.0e+00   95  Mo     1.15e-08   1.33e-08   2.41e-08   4.26e-08   5.00e-08   8.65e-08
  864    2e-02   0.0e+00   96  Mo     1.69e-08   2.18e-08   3.31e-08   4.33e-08   8.01e-08   8.34e-08
  865    2e-02   0.0e+00   97  Mo     1.10e-08   1.44e-08   2.29e-08   4.19e-08   8.48e-08   1.20e-07
  866    2e-02   0.0e+00   98  Mo     1.55e-06   1.77e-06   2.52e-06   3.23e-06   4.08e-06   4.79e-06
  867    2e-02   2.5e+04    3  H      1.14e-59   1.32e-59   1.82e-59   2.29e-59   2.79e-59   3.25e-59
  868    2e-02   2.5e+04   14  C      8.50e-08   7.14e-07   4.13e-06   8.36e-06   3.93e-06   5.90e-06
  869    2e-02   2.5e+04   22  Na     7.64e-08   8.07e-08   2.37e-06   6.76e-06   2.74e-06   9.74e-06
  870    2e-02   2.5e+04   26  Al     1.07e-05   7.00e-06   1.53e-05   2.48e-05   2.22e-05   3.19e-05
  871    2e-02   2.5e+04   32  Si     4.52e-08   5.01e-07   9.16e-08   1.76e-07   1.22e-07   2.08e-07
  872    2e-02   2.5e+04   36  Cl     1.35e-06   2.57e-06   3.77e-06   5.65e-06   7.94e-06   1.02e-05
  873    2e-02   2.5e+04   39  Ar     6.18e-07   1.17e-06   4.39e-06   7.50e-06   8.27e-06   9.77e-06
  874    2e-02   2.5e+04   41  Ca     3.83e-06   6.36e-06   1.25e-05   3.30e-05   2.36e-05   3.14e-05
  875    2e-02   2.5e+04   45  Ca     9.76e-08   6.47e-07   1.28e-06   3.85e-06   1.50e-06   6.49e-06
  876    2e-02   2.5e+04   44  Ti     9.11e-05   4.20e-05   4.03e-05   2.19e-05   3.06e-05   9.33e-06
  877    2e-02   2.5e+04   49  V      4.31e-06   9.60e-06   9.40e-06   1.32e-05   1.05e-05   1.61e-05
  878    2e-02   2.5e+04   53  Mn     9.35e-05   2.20e-04   2.07e-04   2.94e-04   2.38e-04   3.61e-04
  879    2e-02   2.5e+04   54  Mn     9.39e-08   1.66e-07   2.03e-07   2.97e-07   2.84e-07   3.86e-07
  880    2e-02   2.5e+04   55  Fe     1.02e-04   2.30e-04   2.43e-04   3.79e-04   2.76e-04   4.37e-04
  881    2e-02   2.5e+04   60  Fe     2.25e-06   9.33e-05   1.13e-05   5.04e-05   1.67e-05   4.12e-05
  882    2e-02   2.5e+04   57  Co     2.18e-04   1.57e-04   1.74e-04   1.42e-04   1.39e-04   1.04e-04
  883    2e-02   2.5e+04   60  Co     2.27e-06   1.17e-05   1.13e-05   2.44e-05   1.22e-05   3.27e-05
  884    2e-02   2.5e+04   56  Ni     1.00e-01   1.00e-01   1.00e-01   1.00e-01   1.00e-01   1.00e-01
  885    2e-02   2.5e+04   57  Ni     4.09e-03   2.92e-03   3.16e-03   2.40e-03   2.48e-03   1.74e-03
  886    2e-02   2.5e+04   59  Ni     3.55e-04   1.69e-04   1.92e-04   1.33e-04   1.46e-04   6.24e-05
  887    2e-02   2.5e+04   63  Ni     6.61e-06   8.87e-06   6.76e-05   1.91e-04   2.14e-04   3.18e-04
  888    2e-02   2.5e+04   65  Zn     3.58e-06   1.58e-06   3.42e-06   6.53e-06   1.05e-05   2.60e-05
  889    2e-02   2.5e+04   68  Ge     4.07e-08   1.01e-08   9.32e-09   7.88e-09   8.15e-09   7.10e-09
  890    2e-02   2.5e+04   79  Se     3.45e-08   2.14e-08   6.95e-07   2.28e-06   2.84e-06   6.70e-06
  891    2e-02   2.5e+04   81  Kr     7.65e-09   7.10e-09   3.61e-08   8.31e-08   6.71e-07   5.51e-07
  892    2e-02   2.5e+04   85  Kr     2.90e-08   1.88e-08   4.36e-07   1.06e-06   2.03e-06   3.41e-06
  893    2e-02   2.5e+04   90  Sr     1.35e-09   1.85e-08   1.24e-08   7.26e-08   4.61e-08   1.47e-07
  894    2e-02   2.5e+04   93  Zr     2.10e-09   2.05e-09   2.19e-08   5.49e-08   1.12e-07   1.67e-07