# Units are Msun
# M_init	Ga62	Ga63	Ga64	Ga65	Ga66	Ga67	Ga68	Ga69	Ga70	Ga71	Ga72	
8	0	0	0	0	0	0	0	0	0	0	0	
13	0.0e+00	4.9e-30	1.8e-25	8.7e-14	4.6e-06	1.4e-08	3.5e-11	1.2e-06	2.1e-13	7.5e-07	4.3e-08	
15	0.0e+00	3.3e-33	3.5e-27	6.3e-14	3.3e-06	1.8e-08	7.7e-11	2.1e-06	6.0e-13	1.4e-06	9.4e-08	
20	0.0e+00	1.1e-35	4.5e-35	1.0e-13	2.8e-06	3.0e-08	1.7e-10	5.2e-06	9.9e-13	2.3e-06	5.8e-08	
25	0.0e+00	2.5e-30	1.2e-25	4.1e-14	9.0e-07	5.4e-08	3.5e-10	1.2e-05	1.4e-11	8.4e-06	2.9e-07	
30	0.0e+00	1.3e-34	2.3e-27	9.8e-14	2.1e-06	6.4e-08	3.6e-10	3.0e-05	2.2e-12	1.9e-05	8.8e-07	
40	0.0e+00	3.7e-41	1.1e-33	1.0e-13	2.9e-06	7.5e-08	3.9e-10	3.5e-05	4.2e-12	1.6e-05	7.0e-07	
60	0.0e+00	7.2e-31	5.7e-26	3.9e-16	1.4e-09	1.2e-07	8.1e-10	3.0e-05	5.7e-12	1.3e-05	1.1e-06	
80	0.0e+00	3.5e-30	1.1e-25	2.2e-14	1.5e-09	1.4e-07	1.0e-09	3.5e-05	1.8e-11	1.7e-05	1.2e-06	
120	0.0e+00	1.3e-30	1.6e-25	4.5e-16	1.2e-09	1.4e-07	9.9e-10	3.3e-05	4.4e-12	1.4e-05	9.2e-07	
