# Units are Msun
# M_init	Br75	Br76	Br77	Br78	Br79	Br80	Br81	Br82	Br83	
8	0	0	0	0	0	0	0	0	0	
13	1.4e-15	8.5e-13	6.3e-11	3.1e-17	1.0e-07	2.2e-14	1.3e-07	1.0e-09	2.5e-09	
15	3.0e-15	2.0e-12	1.4e-10	7.6e-18	1.2e-07	5.3e-14	1.5e-07	1.3e-09	6.3e-09	
20	1.0e-14	7.1e-12	4.2e-10	4.2e-21	1.6e-07	9.7e-15	3.4e-07	1.8e-08	6.7e-09	
25	1.2e-14	9.2e-12	6.2e-10	2.3e-16	3.3e-07	1.1e-12	7.0e-07	2.3e-08	3.2e-08	
30	8.6e-15	6.5e-12	6.3e-10	1.4e-16	4.0e-07	1.3e-14	2.0e-06	3.2e-07	8.8e-08	
40	1.5e-14	1.4e-11	8.8e-10	1.1e-20	4.5e-07	7.2e-15	2.1e-06	1.6e-07	2.9e-08	
60	1.3e-14	1.9e-11	8.0e-10	7.6e-17	6.1e-07	1.8e-14	1.7e-06	8.5e-08	2.8e-08	
80	1.2e-14	2.0e-11	8.9e-10	1.6e-16	9.0e-07	1.2e-12	1.9e-06	5.7e-08	3.1e-08	
120	9.7e-15	1.8e-11	7.5e-10	1.4e-16	1.2e-06	2.4e-14	2.2e-06	7.4e-08	2.4e-08	
