# element   stable isotope mass
He	3	4
C	12	13
N	14	15
O	16	17	18
F	19
Ne	20	21	22
Na	23
Mg	24	25	26
Al	27
Si	28	29	30
P	31
S	32	33	34	36
Cl	35	37
Ar	36	38	40
K	39	41
Ca	40	42	43	44	46
Sc	45
Ti	46	47	48	49	50
V	51
Cr	50	52	53	54
Mn	55
Fe	54	56	57	58
Co	59
Ni	58	60	61	62	64
Cu	63	65
Zn	64	66	67	68	70
Ga	69	71
Ge	70	72	73	74
As	75
Se	74	76	77	78	80
Br	79	81
Kr	80	82	83	84	86
Rb	85
Sr	84	86	87	88
Y	89
Zr	90	91	92	94
Nb	93
Mo	92	94	95	96	97	98
Ru	96	98	99	100	101	102	104
Rh	103
Pd	102	104	105	106	108	110
Ag	107	109
Cd	106	108	110	111	112	114
In	113
Sn	112	114	115	116	117	118	119	120	122	124
Sb	121	123
Te	120	122	123	124	125	126
I	127
Xe	126	128	129	130	131	132	134
Cs	133
Ba	132	134	135	136	137	138
La	139
Ce	136	138	140	142
Pr	141
Nd	142	143	145	146	148
Sm	144	149	150	152	154
Eu	153
Gd	154	155	156	157	158	160
Tb	159
Dy	156	158	160	161	162	163	164
Ho	165
Er	162	164	166	167	168	170
Tm	169
Yb	168	170	171	172	173	174	176
Lu	175
Hf	176	177	178	179	180
Ta	181
W	182	183	184	186
Re	185
Os	184	187	188	189	190	192
Ir	191	193
Pt	192	194	195	196	198
Au	197
Hg	196	198	199	200	201	202	204
Tl	203	205
Pb	204	206	207	208
Bi	209
