# Units are Msun
# M_init	cr50	cr52	cr53	cr54	
8	0	0	0	0	
10	0.000000e+00	0.000000e+00	0.000000e+00	0.000000e+00	
13	2.234700e-05	6.483600e-04	6.235500e-05	6.553400e-06	
15	3.945500e-05	1.268600e-03	9.270300e-05	6.803600e-06	
18	3.676500e-05	1.280200e-03	9.617900e-05	1.517700e-05	
20	3.103500e-05	1.074700e-03	8.283400e-05	1.661000e-05	
25	5.040300e-05	3.495400e-03	9.947600e-05	2.998700e-05	
30	7.706900e-05	3.762900e-03	2.736500e-04	5.118900e-05	
40	9.213200e-05	3.781000e-03	2.494500e-04	5.664800e-05	
