# Units are Msun
# M_init	zn64	zn66	zn67	zn68	zn70	
8	0	0	0	0	0	
10	0.000000e+00	0.000000e+00	0.000000e+00	0.000000e+00	0.000000e+00	
13	9.674400e-05	1.736300e-05	2.878100e-06	1.321800e-05	1.832600e-06	
15	6.770100e-05	1.783500e-05	1.782600e-06	7.493500e-06	5.590100e-07	
18	5.738500e-05	2.171400e-05	2.031800e-06	1.166200e-05	5.127700e-07	
20	1.197000e-04	6.256100e-05	1.292900e-05	6.027300e-05	1.617300e-06	
25	5.646200e-05	3.339500e-04	8.103700e-05	4.632300e-04	1.137700e-05	
30	1.869800e-05	1.544700e-05	2.724800e-06	1.265300e-05	3.690000e-07	
40	1.680000e-04	1.068000e-03	2.477400e-04	1.550000e-03	2.654200e-05	
